1 0.7977913194003162 0.39270009228165337 0.3680854870616576 0.3703531463703403 0.3623364843750001 0.4808997953125001 0.7920423167136587 0.5032467412238131
1 0.4166822015625001 0.37750109374999996 0.008553588708447895 0.3564884191891027 0.0029861119740627997 0.4646253700620889 0.41111472482811495 0.48563804462298626
1 1 0.3499268187499999 0.9978280503934401 0.2427434822218301 0.783771044962726 0.24708110636925923 0.7859429945692857 0.3542644428974291
1 0.8437273879235887 0.25156118714623443 0.6632426046959305 0.24761869216433233 0.6611555605223416 0.34316217845559793 0.8416403437499997 0.34710467343750007
1 0.5870765922179315 0.16027849152446977 0.5867333703125 0.1209501609375 0.4965598725928409 0.1217371132246898 0.4969030944982725 0.16106544381165958
1 0.6603924749999999 0.15653844062499997 0.6590272545337792 0.11489747058540001 0.5736638498462792 0.1176961533979 0.5750290703124998 0.15933712343749998
1 0.7439785999999999 0.15523472187500004 0.7438450184182075 0.11502649692815778 0.6495159920896854 0.11533988108183693 0.6496495736714778 0.15554810602867916
1 0.8328923609375 0.1527415890625 0.8322182417919951 0.10996358921662522 0.7217561033156285 0.11170431208044826 0.7224302224611334 0.15448231192632306
1 0.9210800656250001 0.14947895625 0.9196013881733016 0.10648603629094214 0.7944044728306598 0.11079199773565547 0.7958831502823581 0.1537849176947133
1 1.0006736713871969 0.1093578478680712 0.8673141150751562 0.10527223362078506 0.8659544306980038 0.14965403138397204 0.9993139870100446 0.1537396456312582
1 0.44726923125000007 0.2516105609375 0.2681430384213722 0.24084519211092373 0.2629140671875 0.3278506375 0.44204026001612784 0.3386160063265763
0 0.5494064171874999 0.24993213906250006 0.398450580588836 0.2397662182793983 0.392265203125 0.33161415312500003 0.543221039723664 0.3417800739081018
0 0.3417539515625 0.24944463125 0.1433687440002171 0.24153279300895925 0.14007395468750003 0.32414791249999997 0.33845916224978295 0.3320597507410407
0 0.6835885642906951 0.24803871750655754 0.5305837463848148 0.2454477959047432 0.5289657227191196 0.34099889871068567 0.681970540625 0.34358982031249996
1 0.41581464844351546 0.9967157749312531 0.4150271665407791 0.8345710146353531 0.007240116534763713 0.8365514975166002 0.0080275984375 0.9986962578125003
0 0.5204658140090185 0.15976471935960537 0.5204437892631004 0.12164254264518004 0.4223121018165819 0.12169923734807467 0.42233412656249997 0.1598214140625
0 0.45747210312500003 0.11904442187500004 0.3520183508149422 0.11444752926128561 0.3501364063875411 0.15761975845723558 0.4555901586975989 0.16221665107095