1 0.7975221080186289 0.3987114983124082 0.36953842456482916 0.37423953326658366 0.3631235743587003 0.4864271412041756 0.7911072578125 0.5108991062500001
1 0.4174169296875 0.38043812812500005 0.007261000945658361 0.3528123989749253 0.0003234845018782073 0.4558128839468396 0.4104794132437199 0.48343861309691444
1 1.0009671281905965 0.25537348249550623 0.7861871777623223 0.25335829269559507 0.7852200495717258 0.35643530551258895 1 0.3584504953125002
1 0.8398180507333421 0.2517309033881958 0.6623224359375001 0.25110240625000013 0.661963664891658 0.35242392942430445 0.8394592796875001 0.35305242656250013
0 0.6842114023955649 0.25107865491979753 0.5316544778800569 0.24642321185960983 0.528707928609492 0.34298040068981245 0.681264853125 0.3476358437500001
0 0.5579111015625 0.24816921875000011 0.3930567066655568 0.24753078664418324 0.39269300484457687 0.34144499157573416 0.5575473997415201 0.34208342368155104
0 0.3473574156250001 0.2445603765625001 0.14526085052003473 0.23344103492369284 0.14049662555553635 0.3200319080156841 0.3425931906605017 0.3311512496544914
1 0.44731173281250003 0.2532416875000001 0.27207374638739523 0.2357350626428078 0.26306910625 0.3258697984375 0.4383070926751048 0.3433764232946923
0 0.449300434375 0.13085702187500003 0.3482992203125 0.13085702187500003 0.3482992203125 0.16291224375000005 0.449300434375 0.16291224375000005
0 0.5205620312500001 0.12403375937500008 0.4216890928367906 0.12336035993884165 0.421424021379467 0.1622798963503518 0.5202969597926764 0.16295329578651024
1 0.585794521875 0.12516185468750005 0.49715491470911727 0.12472600378046414 0.4969725468750001 0.16181440468750005 0.5856121540408828 0.16225025559453596
1 0.6605954406250001 0.1610225125 0.6601820449586112 0.12183728753222031 0.5746589683961111 0.1227395375322203 0.5750723640625 0.1619247625
1 0.7445030984375001 0.16046041093750002 0.7444536861244063 0.11893605834142407 0.6500941413481318 0.1190483424127791 0.6501435536612256 0.16057269500885507
1 0.8303555515625 0.15796409375 0.8297596026809148 0.1153238183510314 0.7213029302311795 0.11683963015201362 0.721898879112765 0.1594799055509822
1 0.9203013796875 0.1570848875 0.919486289459624 0.11534636958024849 0.7922781156250001 0.11783055312499999 0.7930932058528761 0.1595690710447515
1 1.0003345325242345 0.1175676043990721 0.8678736355962625 0.11614058283699313 0.8674128877091871 0.15890873715330217 0.9998737846371591 0.16033575871538114
1 0.4117515359375002 0.8317877984375001 0.003439420312500112 0.8317877984375001 0.0034394203125001225 1 0.4117515359375002 1
1 0.7598815624999999 0.9952558265625001 0.7584361094623804 0.8756470752420892 0.3658639219623804 0.8803912486795891 0.36730937499999994 1