1 0.7240431328125002 0.7754629625 0.31177509375000007 0.7754629625 0.31177509375000007 0.996330390625 0.7240431328125002 0.996330390625
1 0.36379364062500014 0.7747219125000001 0.03291947496624015 0.6981426389723562 -0.017857375033759882 0.9175329139723563 0.31301679062500015 0.9941121875000002
1 0.36829285625 0.2696672140625 0.0021305941254887413 0.2468711209466939 -0.0035531044060332557 0.3381655327111751 0.36260915771847807 0.36096162582698127
1 0.7554453013000793 0.288262842618952 0.3332401247346843 0.26567880895678525 0.32787817968460503 0.3659195804003333 0.75008335625 0.38850361406250006
1 0.801547384527457 0.1235905083540135 0.6341996687500002 0.1218196328125001 0.6331643029725432 0.21966168539598668 0.8005120187500001 0.22143256093750013
1 0.9644335056142014 0.131361535800293 0.7530451890625 0.12499201875000006 0.7500826506357985 0.22331124857470716 0.9614709671874999 0.2296807656250001
0 0.6481242285533257 0.12426990944996716 0.5014131758321325 0.11865225560461731 0.4978385269663068 0.21200804302965026 0.6445495796875 0.2176256968750001
0 0.5189230828124999 0.12181963281250004 0.36411940063790527 0.112209245124502 0.35866571458567514 0.20005696882911433 0.5134693967602697 0.20966735651711238
1 0.4061447515625001 0.11484038281250004 0.22539514411821632 0.10746553564363666 0.2219053644581118 0.19299629840901017 0.4026549719023955 0.20037114557787353
0 0.29622156718750003 0.11293695156250005 0.09142683013316191 0.10811470541241282 0.08947623116204464 0.19095419368308073 0.29427096821638277 0.19577643983316798
1 0.9768173859375 1.1202063780172037e-16 0.8526184625000001 1.0441564709945627e-16 0.8526184625000001 0.031089385937500113 0.9768173859375 0.031089385937500123
1 0.8852145954905227 0.0018223905903057085 0.7755294765625 9.71445146547012e-17 0.7750537545094772 0.028632517222194488 0.8847388734374999 0.030454907812500098