1 0.3955714531250001 0.5167044671875001 0.09034118762111096 0.4739364177448677 0.032480523437500075 0.886880803125 0.33771078894138923 0.9296488525676324
1 0.6392226734374999 0.8753127921875 0.629753449158958 0.5131149289998505 0.3347691819714581 0.5208269352498502 0.34423840625 0.8830247984374999
1 0.6202126090819668 0.3151006096232612 0.34628367730879933 0.29999147282966426 0.3431787765625 0.35628338125000003 0.6171077083356675 0.37139251804359696
1 0.8907299531101088 0.3232601523052322 0.6009478171875 0.31432331875 0.599341716608441 0.36640208394460994 0.8891238525310501 0.37533891749984205
1 0.36045634375 0.3007382375 0.0524361993979896 0.2865195031134393 0.049860770274277585 0.3423109701236076 0.357880914626288 0.3565297045101683
1 0.2626810828125 0.21669933749999998 0.1130233234120015 0.20742414622295552 0.10965588593750004 0.261758675 0.25931364533799856 0.27103386627704446
1 0.35016106093750005 0.2233776375 0.22065274599204981 0.21603085104641137 0.21773209062499999 0.26751583125 0.3472404055704502 0.27486261770358866
1 0.43802964843750003 0.22951860312500005 0.3275983683648576 0.2218196907030075 0.32403796875 0.27288917500000004 0.4344692488226424 0.2805880874219926
1 0.5339536369675354 0.23447457803089317 0.4299256430722419 0.23118552765783779 0.42834704204220664 0.28111443712694467 0.5323750359375001 0.28440348750000005
1 0.6358866119984729 0.23834733487808082 0.5233075156250001 0.23374051718750008 0.5212354902995869 0.28437563115671793 0.6338145866730598 0.2889824488472986
0 0.7340194109375 0.2375786218750001 0.607937703125 0.2375786218750001 0.607937703125 0.2897768312500001 0.7340194109375 0.2897768312500001
0 0.8369850077151411 0.2470204711722511 0.6942950374999999 0.23757862187500006 0.6910040090807125 0.28731429677737685 0.8336939792958535 0.2967561460746279
1 0.9347070989058552 0.24734568237895904 0.780652371875 0.24295196718750006 0.7792342323441447 0.2926755129335411 0.933288959375 0.2970692281250001
0 0.1744200578125 0.21166862031249994 0.0034793450550495058 0.20300841021477595 0.0007571859858357427 0.25674011028667754 0.17169789874328625 0.26540032038440153
0 0.27688460312499996 0.12891581406250002 0.17986921169282205 0.12055294961426652 0.1771801921875 0.15174755781250002 0.27419558361967794 0.16011042226073352
1 0.33671351406250005 0.13337078906250005 0.24819826702750847 0.12755186237238011 0.24631445528996024 0.15620767300488375 0.3348297023249518 0.16202659969500371
1 0.451516109375 0.14061012187500005 0.38187015036079497 0.1365528307014258 0.38015633185336645 0.165971605055991 0.4498022908675715 0.1700288962295653
1 0.39450636250000004 0.13587671250000002 0.31535437583487136 0.1320633068264717 0.3139577049234016 0.16105295199525918 0.39310969158853026 0.1648663576687875
1 0.5128413494135933 0.14442722959512508 0.4482592759531398 0.14037135052512922 0.4464138078125 0.16975688125000005 0.5109958812729535 0.1738127603199959
1 0.5764923719766026 0.14741720747790868 0.5076675203125001 0.14437522343750003 0.5063906233358973 0.17326500189709146 0.5752154749999999 0.1763069859375001
1 0.6412481901540232 0.15227081334972228 0.5633945828125 0.14628567187500005 0.5611669438891731 0.1752623847510216 0.6390205512306963 0.18124752622574383
1 0.7048861238371902 0.15441277843291126 0.6200427546875 0.15065240781250006 0.6188236321172036 0.17815886308287546 0.7036670012668937 0.18191923370328666