1 0.44744936874999997 0.7603068468749999 0.4357414714697964 0.49328694179381055 0.16010277146979643 0.5053727433563105 0.17181066875 0.7723926484374999
1 0.705783396875 0.7559120078125001 0.7046884940785461 0.5009365319342273 0.43138074531250015 0.5021101562500001 0.4324756481089541 0.757085632128273
1 0.9443406562500002 0.7493197531250002 0.6950522838194806 0.42726660633033225 0.5406078792975226 0.5468158006713114 0.7898962517280422 0.8688689474659794
1 1.0489335237124702 0.6352723464721015 0.8188665742466362 0.425524699523719 0.714891730221666 0.5395721061766175 0.9449586796874998 0.7493197531250001
1 0.9494155650647784 0.3541879174492276 0.6835921453125 0.34754713125000014 0.6827018015003604 0.38318662178588847 0.9485252212526388 0.38982740798511595
1 0.7176393197957156 0.3504150894303513 0.46511988437500007 0.3459939421875 0.46450852863812725 0.380912300938376 0.7170279640588427 0.3853334481812273
1 0.4733016417663397 0.347103031976952 0.20843343998692335 0.33688693816616644 0.20705336718750003 0.37266748281250006 0.47192156896691645 0.3828835766232856
1 0.4165914266993007 0.27437314522585615 0.3193606002034452 0.2739215902635931 0.31919079069164463 0.31048573097523696 0.4164216171875001 0.31093728593750003
1 0.4104278804395528 0.2084608142759353 0.3497351433451824 0.20721199275857147 0.34937901915562963 0.2245196316076362 0.41007175625 0.22576845312500002
1 0.47027685570425126 0.2113759540024002 0.4066060125 0.20772457968750002 0.405557995262715 0.22599938129253466 0.4692288384669663 0.22965075560743484
1 0.5286422589658735 0.21486600426445923 0.4599537109374999 0.21080524062500006 0.4588595069220788 0.22931389853745804 0.5275480549504523 0.23337466217691719
1 0.5113737549068406 0.2792039865583523 0.412486115625 0.27638554687500005 0.4114492591556595 0.31276464312914776 0.5103368984375001 0.3155830828125
0 0.331372965625 0.2732382984375 0.22102963619348426 0.26702820580530007 0.219037690625 0.30242186562499995 0.32938102005651576 0.3086319582571999
1 0.24398320312499994 0.26923271093749995 0.11875864376161568 0.25986813955366694 0.11587592812500003 0.29841627812499993 0.24110048748838428 0.30778084950883294
1 0.15974784218750002 0.26351044374999993 0.010673232270243882 0.25623762375424153 0.00875507031250004 0.29555514374999997 0.1578296802297562 0.3028279637457584
1 0.24076442812500004 0.20228217499999998 0.15569712199580382 0.19655039791439585 0.1545012375 0.21429893750000004 0.23956854362919625 0.2200307145856042
1 0.604177816224875 0.28183692526639803 0.4922277812500001 0.27839561718750006 0.4910815056297106 0.31568538980888905 0.6030315406045855 0.319126697887787
1 0.691884988977115 0.2850401985822152 0.5705265500000001 0.2811875515625001 0.569383164039791 0.3172042264795822 0.6907416030169058 0.32105687349929724
1 0.7753746104478363 0.2871121219401721 0.645460040625 0.28358063593750005 0.644497113448811 0.3190043272024984 0.7744116832716472 0.32253581320517044
1 0.8615574303698177 0.28867424981017314 0.7185987171875 0.28557487343750004 0.7178555210214168 0.3198547913209988 0.8608142342037344 0.3229541676936719
1 0.9433991906250002 0.3238642437500001 0.8053658228255719 0.25809618262789924 0.7910198461004874 0.2882053792189203 0.9290532138999156 0.3539734403410212
1 0.9985897250000001 0.3146907484375 0.8740797217503988 0.2658306355955111 0.8633999209152803 0.2930459234722712 0.9879099241648814 0.3419060363142601
1 0.5886583539269352 0.21361050380964447 0.5133168484375 0.21298461250000003 0.5131331851355647 0.2350930352528556 0.588474690625 0.23571892656250007
1 0.6385051359375 0.2149788515625001 0.5597576640625 0.2149788515625001 0.5597576640625 0.23532007812500008 0.6385051359375 0.23532007812500008