1 0.7468438382901195 0.38601698534064566 0.632642531123645 0.38130625760074194 0.6145947875000002 0.8188343906250001 0.7287960946664747 0.8235451183649038
1 0.763418229892332 0.02499491146431473 0.6625479150846735 0.01923569860406468 0.6391198101923415 0.42956960588975013 0.739990125 0.4353288187500001
1 0.8812606078125003 0.8137035875 0.7777073624891845 0.8121171284014155 0.7748394410628183 0.9993155070406454 0.8783926863861341 1.00090196613923
1 0.8820502890625003 0.689884971875 0.7783408800368455 0.6891373997121819 0.7770342234375001 0.8704076374999999 0.8807436324631548 0.871155209662818
1 0.8825476040592429 0.7061747287558486 0.8788669824078328 0.546899299057252 0.77440675022359 0.5493132218639034 0.7780873718749999 0.7085886515625
0 0.88534805625 0.5802453531249999 0.8755776877368371 0.4090925576430964 0.7769845360291863 0.41472081175571934 0.7867549045423493 0.5858736072376229
1 0.8884650380631924 0.28460887128525947 0.7964851484375001 0.27986245625000006 0.7871636369368076 0.46050228496474066 0.8791435265624999 0.46524870000000007
0 0.9409061019186045 0.3170747574434708 0.801995340625 0.15842800468750004 0.7338669156510319 0.21808110955391494 0.8727776769446363 0.3767278623098857
1 0.2390966080987936 0.7998863139241815 0.23779288907431498 0.3624696463917578 -0.0013037190244786078 0.36318227309257645 3.4694469519536144e-19 0.8005989406250003
1 0.3027810010461699 0.04276634346742607 0.056843032812500006 6.938893903907228e-18 -0.011369230733669855 0.39227074715757404 0.23456873750000007 0.4350370906250001
1 1.0002090279819165 0.95834518808474 0.9992081718750002 0.8426282953124999 0.9780015045587461 0.8428117155719136 0.9790023606656624 0.9585286083441537
1 0.9992081718750002 0.7572593796875002 0.9750449386944521 0.7571320846036748 0.9744814501431435 0.8640938371761768 0.9986446833236917 0.8642211322600024
1 1 0.6782003421875002 0.9755111421875 0.6782003421875002 0.9755111421875 0.7726729000000001 1 0.7726729000000001
1 1 0.5966544015625002 0.9720820453125001 0.5966544015625002 0.9720820453125001 0.6854227046875001 1 0.6854227046875001
1 0.9995240375 0.6064515609375001 0.998381812602986 0.5179444174947065 0.9720724646865893 0.5182839515825255 0.9732146895836034 0.606791095025319
0 0.9999999999999998 0.5373288156249999 0.9986005258940788 0.4381864969039846 0.9718216631453951 0.43856450223497 0.9732211372513161 0.5377068209559853