1 0.8026334251425572 0.6101700874514214 0.798478503125 0.49703264375 0.3655880917814813 0.5129303504900189 0.36974301379903857 0.6260677941914403
1 0.42034513437500004 0.6211265968749999 0.4154107167694298 0.519120390773465 0.00675171115820534 0.5388887388870659 0.011686128763775592 0.6408949449886008
1 0.8456858487543251 0.7526724534514455 0.8442398140624998 0.6557856562499998 0.6666921090581746 0.6584355543610543 0.6681381437499999 0.7553223515624998
1 1.0000000000000002 0.6644098281250002 0.7969732584555821 0.6526380599717813 0.7912372390625001 0.7515667265625001 0.9942639806069181 0.763338494715719
1 0.661783059375 0.8459187921875 0.5748517125000001 0.841690471875 0.572979854570067 0.8801745787972447 0.6599112014450668 0.8844028991097446
1 0.7482571437500001 0.846895546875 0.6537112552965852 0.8459741696529861 0.6533204776431644 0.8860732946885014 0.7478663660965792 0.8869946719105153
1 0.8361036750000002 0.850040446875 0.7240270257238494 0.8464562564876786 0.7225442842494255 0.8928211752665611 0.8346209335255763 0.8964053656538825
1 0.9274458828125003 0.8523146390625002 0.7951522239408829 0.8487152525551374 0.7939443134508787 0.8931114011724594 0.926237972322496 0.8967107876798222
1 1.0014073875561307 0.8958167702142635 0.998387596640919 0.846408978000315 0.8662518910147752 0.8544850766387047 0.8692716819299868 0.9038928688526532
1 0.5884519555509485 0.8408013764693358 0.5003626225472398 0.8399803789768399 0.49998747480879135 0.8802320415700041 0.5880768078125 0.8810530390625001
0 0.5240663274821159 0.8408430590788463 0.4231445218750001 0.8401907421875 0.42289861906294285 0.8782350671558004 0.5238204246700586 0.8788873840471465
0 0.46127927656249995 0.8779119671875002 0.45970682992880735 0.838546849179252 0.35194527894232086 0.8428514034817361 0.35351772557601346 0.8822165214899842
0 0.5608699187500001 0.7532306531249999 0.5596476367624753 0.6628094279127972 0.39614430266002254 0.6650196078755733 0.3973665846475473 0.7554408330877761
0 0.6848643470259291 0.7561612844369263 0.6842570593749999 0.6608422718750001 0.5314992641269234 0.6618155081700892 0.5321065517778526 0.7571345207320154
0 0.34605989687499994 0.7507925281250001 0.345535441308294 0.669951274539704 0.14419794781633394 0.6712574463834777 0.1447224033830399 0.7520986999687738
1 0.45212211249999995 0.7477880171875 0.44815365769676346 0.6635895977806838 0.26648535624999997 0.6721520203125 0.2704538110532365 0.7563504397193161
1 0.4184089171533162 0.004763279645515004 0.014541403125 0.0011496968750000017 0.0130774880759542 0.1647623132597396 0.4169450021042704 0.16837589603025463
1 0.7657547671874999 0.0011496968750000932 0.37294707812499994 0.00003782187500003132 0.372597974342737 0.1233706155376739 0.765405663405237 0.12448249053767395