1 0.7611756564837512 0.3302973010745208 0.33862854525224784 0.30077435879702097 0.33208048408099666 0.3944934842850002 0.7546275953125 0.4240164265625001
1 0.37144881562500004 0.3058479140625 0.004649478063448781 0.2726104337110501 -0.0030218120276996442 0.35726859955041684 0.3637775255338516 0.3905060799018667
1 0.9677156915470461 0.1703708739725342 0.75473840625 0.16201004062500007 0.7509200084529539 0.259276899464966 0.96389729375 0.26763773281250014
1 0.8043702879840124 0.16603221157137235 0.6375130796875 0.16201004062500007 0.6352530760784878 0.25576485561612783 0.8021102843750002 0.2597870265625001
0 0.6498966572776731 0.16072661006707728 0.5040662324800766 0.15891364400748134 0.5029234392649037 0.2508370526904041 0.6487538640625001 0.25265001875000004
0 0.5239008609375 0.1584415375000001 0.36475309060715405 0.15553472930662712 0.3631435491736176 0.2436571348322588 0.5222913195039636 0.2465639430256318
1 0.4046682515625001 0.16129633906250004 0.23989815222170696 0.1401210657584591 0.22883026093750006 0.22624309687500005 0.39360036027829315 0.24741837017904103
0 0.30430410156250004 0.14916342968750004 0.10287009320748916 0.14658713483210886 0.10187260455460714 0.224578261204233 0.3033066129096181 0.2271545560596242
1 0.9782153287830381 0.040513213502249776 0.8479788484374998 0.036165203125000094 0.846899950392787 0.06848156665768165 0.9771364307383253 0.07282957703493134
1 0.8911901814164024 0.04185564776034238 0.7683916078125 0.029185953125000098 0.7646229506652256 0.06571293624553241 0.887421524269128 0.0783826308808747
1 0.7997982312499998 0.0691580203125 0.7992163734783815 0.028737094263109532 0.6965977600172155 0.03021428550019608 0.6971796177888339 0.07063521154958655
1 0.713786909375 0.03426177187500008 0.622779078125 0.03426177187500008 0.622779078125 0.06788906562500008 0.713786909375 0.06788906562500009
1 0.6292031609375 0.031723862500000075 0.5460469859375 0.03172386250000007 0.5460469859375 0.06725458906250006 0.6292031609375 0.06725458906250006
1 0.5535417484375 0.032992817187500065 0.46777018837162415 0.03139613870616379 0.4671307555944577 0.06574566335743895 0.5529023156603337 0.06734234183877523
0 0.4860888859375 0.030454907812500053 0.3902861592947625 0.028689975366352583 0.38963756561367696 0.06389644645077187 0.4854402922564144 0.06566137889691934
0 0.4164946609375 0.02855147656250005 0.31434198825780413 0.026522372895237824 0.313709346875 0.05837190781250003 0.415862019554696 0.06040101147976227
1 0.37955439375000005 0.7977094578125 0.03217432779099132 0.7176189368000402 -0.014106423771508702 0.9183544336750403 0.33327364218750005 0.9984449546875002
1 0.7322135640625002 0.9935089078125001 0.7298473424182153 0.7933924019744965 0.31239513304321526 0.7983284488494966 0.3147613546875 0.9984449546875002