1 0.6639732015625 0.8904495671875002 0.6547044329928937 0.5147517401598807 0.3455254376803937 0.5223794354723805 0.35479420625 0.8980772625
1 0.4149590937500001 0.5179959328125001 0.09329110754393152 0.479540819555705 0.04286205468750013 0.9013679968750001 0.3645300408935688 0.9398231101317952
0 0.9518156875000001 0.8882049453124999 0.7853433375725205 0.4452588033677345 0.5214744362011771 0.544428593833022 0.6879467861286566 0.9873747357777874
1 0.37773759843750004 0.31186926718749997 0.07250012504595563 0.31062244189986166 0.07227761480978663 0.36509556092091455 0.37751508820133106 0.3663423862085529
1 0.639724594228256 0.31451065007563095 0.35456072565532065 0.31003462390187836 0.35364151718750003 0.36859662343750005 0.6388053857604354 0.37307264961125264
1 0.9113721344895337 0.3152889323653573 0.6132761453125 0.3131494625000001 0.6128530782998659 0.37209611169632895 0.9109490674768997 0.3742355815616862
0 0.19044650156250004 0.2243546 0.021692432246719857 0.22133185775915107 0.020769077506348967 0.2728810331251073 0.18952314682212917 0.2759037753659562
1 0.2791071796875 0.2269889015625 0.13116968436719925 0.22409878984550807 0.13017660502247752 0.27493200506300497 0.2781141003427782 0.2778221167799969
1 0.36653303125000003 0.23137940156250006 0.2388864010558279 0.22627991189644656 0.2368760484375001 0.2766015625000001 0.36452267863167226 0.28170105216605357
1 0.45321798437500005 0.23489180312500008 0.34478480817155543 0.23106916563771351 0.34302815497295447 0.28089850112812986 0.45146133117639914 0.28472113861541637
1 0.5483097224616136 0.2383919230590621 0.4476095859828453 0.2342526743837443 0.4455620484375 0.28406541250000006 0.5462621849162683 0.28820466117531784
1 0.64906176875 0.28538256406250007 0.6488576000334406 0.2374922285855377 0.5379272124999999 0.237965153125 0.5381313812165593 0.28585548860196236
0 0.750811628125 0.28494351406249996 0.7503782050501734 0.23411110327066628 0.6221114858177204 0.23520477077495444 0.6225449088925471 0.28603718156678815
0 0.8511150379924779 0.23640817536950398 0.7108031890625 0.2348918031250001 0.7102619749989072 0.2849710275402887 0.8505738239288849 0.2864873997847926
0 0.7837074578124998 0.17342478906249997 0.7821222952423337 0.14986728651378778 0.693021659375 0.1558627859375 0.6946068219451662 0.17942028848621222
1 0.9483749496364677 0.23775059037602064 0.7923018625000001 0.23533085312500007 0.7915401193213991 0.28446329898838996 0.9476132064578667 0.2868830362394105
1 0.7189356390625 0.1561673718750001 0.6371815265625 0.1561673718750001 0.6371815265625 0.17716466718750007 0.7189356390625 0.17716466718750007
1 0.6558987719013702 0.1578082834503764 0.5787560359375 0.15399876562500006 0.5776520557309088 0.17635436480847086 0.6547947916947792 0.1801638826338472
1 0.5907146432963716 0.1547438270112844 0.52162085625 0.15254251250000003 0.5208943913691158 0.17534443813088327 0.5899881784154872 0.17754575264216763
1 0.525921353125 0.14926594218750006 0.46120910625 0.14926594218750006 0.46120910625 0.17547849843750005 0.525921353125 0.17547849843750005
1 0.4659191750000001 0.1485378171875001 0.3943537373627035 0.14764811285747792 0.39402712106509863 0.1739202546115672 0.46559255870239513 0.17480995894158938
1 0.40898877968749997 0.14817375312500006 0.3300423082810472 0.14471444080310045 0.32891761250000007 0.1703816125 0.4078640839064529 0.1738409248218996
1 0.34939617187500005 0.1470815625 0.26357735088080736 0.14332111444415646 0.2625055231602475 0.16778176113342522 0.34832434415444025 0.17154220918926877
0 0.29123706406250005 0.14453312031250004 0.19532791259561041 0.14006085383740496 0.19416869375000004 0.16492066406250006 0.29007784521688973 0.16939293053759513