1 0.5031367671875 0.7920480359375 0.4808997953125001 0.36233648437500005 0.37036221672449815 0.36805664948867745 0.39259918859949805 0.7977682010511773
1 0.4861884794084343 0.40911744626291047 0.457945253125 0.003330040624999997 0.34925786746656573 0.01089479592458949 0.37750109375 0.4166822015624999
1 0.34992681875 1 0.3455065851389305 0.7818663079302288 0.2416360137148373 0.7839711280827384 0.24605624732590678 1.0021048201525096
1 0.3471046734375 0.84164034375 0.3417065417817793 0.6604839663140172 0.24659119681507838 0.6633182311733429 0.25198932847079913 0.8444746086093258
1 0.16041123270833038 0.5863889899627261 0.15963017187499998 0.49689056874999993 0.12016910010416959 0.4972349490997737 0.1209501609375 0.5867333703125
1 0.15933712343750006 0.5750290703125 0.11769615339790007 0.5736638498462792 0.11489747058540008 0.6590272545337792 0.15653844062500005 0.660392475
1 0.15554810602867924 0.6496495736714778 0.11533988108183701 0.6495159920896854 0.11502649692815788 0.7438450184182075 0.1552347218750001 0.7439785999999999
1 0.15448231192632317 0.7224302224611334 0.11170431208044836 0.7217561033156285 0.1099635892166253 0.8322182417919951 0.1527415890625001 0.8328923609375
1 0.15378491769471345 0.7958831502823582 0.11079199773565555 0.7944044728306598 0.10648603629094222 0.9196013881733018 0.14947895625000013 0.9210800656250001
1 0.15373964563125805 0.9993139870100446 0.1496540313839719 0.8659544306980038 0.10527223362078494 0.867314115075156 0.1093578478680711 1.0006736713871969
1 0.33516208363131605 0.4438938123216979 0.32785063750000004 0.2629140671875 0.2421760233722979 0.26637525741932117 0.24948746950361392 0.4473550025535191
0 0.33863341045510464 0.5453389861949061 0.331614153125 0.392265203125 0.24291288173239534 0.396332634117594 0.2499321390625 0.5494064171875
0 0.33078845913841065 0.3390390661289358 0.3241479125000001 0.1400739546875 0.24209989578633437 0.14281234272763918 0.24874044242474497 0.341777454169075
0 0.34358982031249996 0.6819705406250001 0.3381935046875 0.5290132281250001 0.24295120807187992 0.5323733649173339 0.2483475236968799 0.6853306774173339
1 0.9986962578125003 0.008027598437500122 0.8365514975166002 0.007240116534763835 0.8345710146353531 0.4150271665407793 0.9967157749312531 0.4158146484435156
0 0.15982141406250003 0.42233412656249997 0.12169923734807471 0.4223121018165819 0.12164254264518011 0.5204437892631004 0.15976471935960543 0.5204658140090185
0 0.16272168147296984 0.4547292599123357 0.15615746562499996 0.35020014999999993 0.11248020602703013 0.3529429932126642 0.119044421875 0.45747210312500003