1 0.48781057647875165 0.9049840056184626 0.45229641562499995 0.5614478234375 0.16015342352124834 0.5916490475065375 0.195667584375 0.9351852296875002
1 0.2733191656250001 0.5934344843750001 0.05607790519390075 0.5464814461138444 -0.01778576043109925 0.8882321914263445 0.19945550000000006 0.9351852296875001
1 0.25576775202984964 0.3677700632918539 0.24915516902399645 0.31961118210964945 0.10737610449414685 0.33907853288029555 0.11398868750000002 0.3872374140625
1 0.5067604156249998 0.4091589921875002 0.501185066149547 0.3687283363615953 0.23011726458704723 0.40610833167409516 0.23569261406250003 0.44653898750000004
1 0.3425435000981593 0.35581232769037047 0.3363133645789564 0.30889161547007515 0.21537250198079705 0.32495015184220466 0.22160263749999998 0.3718708640625
1 0.4284117014874429 0.3422202671759302 0.4216466782747039 0.2965564046655355 0.32054209084976093 0.31153487655210543 0.32730711406249996 0.3571987390625001
1 0.5242836078125 0.32838642187499995 0.5176723827531501 0.28258625388211855 0.42043080775315006 0.2966230132571186 0.42704203281249997 0.34242318124999993
1 0.7576544578124998 0.35574099375 0.7503220882714017 0.3183683791228301 0.49482662968749996 0.36849564843749993 0.5021589992285982 0.40586826306466983
1 0.6177850796875 0.311394571875 0.609374117468577 0.2649056361731619 0.5035054953125 0.28405980625000005 0.511916457531423 0.3305487419518382
1 0.7155460187500001 0.29726544687500006 0.7088006710658344 0.2524931620145355 0.5836915608702526 0.27134197550162614 0.5904369085544182 0.3161142603620907
1 0.8098786390624999 0.2817511187500001 0.8023519293541401 0.2349780148174319 0.6629536166478545 0.257409937126629 0.6704803263562142 0.30418304105919713
1 0.9986036468749997 0.3203815984375001 0.9933754258056758 0.28574463994584887 0.7229657190000146 0.326561206643292 0.7281939400693385 0.3611981651349432
1 0.8992245015624999 0.2647592859375 0.8903464007884103 0.21807676617780541 0.7458820718749999 0.24555105156249996 0.7547601726490896 0.2922335713221945
1 0.9937649109374999 0.2522923828125 0.8323967577244069 0.19778891729790332 0.8185241813744124 0.23886138864941273 0.9798923345875054 0.2933648541640094
1 0.999221221875 0.1496074359375001 0.907413636214654 0.13493656051265393 0.9046300516557728 0.15235571038829757 0.9964376373161189 0.16702658581314372
0 0.6621321078125001 0.20371565625000004 0.659521602135013 0.18470791222848382 0.5761558062500001 0.19615729218750005 0.5787663119274872 0.21516503620901622
0 0.5997756828125 0.2118738875 0.5958650490920481 0.19045040004859654 0.5212227656249999 0.20407556875 0.5251333993454519 0.22549905620140348
1 0.5403885890625001 0.22195167812500002 0.5374283019171632 0.2003970958820565 0.46740323281250007 0.2100142765625 0.470363519957837 0.2315688588054435
0 0.7526437968750002 0.8186856703125003 0.6896098429622709 0.5110996923035278 0.4197391007747708 0.5664046188660277 0.48277305468750004 0.8739905968750001
0 1 0.7592329812499999 0.7551398013501043 0.43326026125034767 0.5678463585064185 0.5739490576029281 0.8127065571563141 0.8999217776025803
1 0.47649627656250004 0.23015337656249998 0.47333603689624243 0.20787365895634574 0.41086314062499996 0.21673505156250003 0.41402338029125757 0.23901476916865425
1 0.4141447859374999 0.24007125 0.4114696561216431 0.21612054736423164 0.3487900717466431 0.22312142861423162 0.3514652015625 0.24707213125
1 0.3571148744678525 0.24597355787160408 0.3550750203125 0.22490271562499994 0.28346409115714744 0.2318353218158959 0.28550394531249995 0.2529061640625
1 0.3019634629566421 0.25213752326162864 0.2992868734375 0.230736775 0.21850692141835787 0.24083991580087138 0.22118351093749994 0.2622406640625
1 0.24337105069692969 0.2590594731002459 0.2402551953125 0.23826645625 0.14894062117807033 0.25195004096225404 0.15205647656250001 0.27274305781249997
1 0.18022880089740478 0.26888566816696274 0.17745855180448022 0.24789008421264294 0.08021491340707543 0.2607208347956802 0.0829851625 0.28171641875
0 0.1666891987845302 0.3786682202657584 0.160092678125 0.33101088593749994 -0.0005859956595302196 0.3532513281717416 0.006010525000000005 0.4009086625
1 0.12228441050797703 0.2778268984036524 0.1196039549300298 0.25450104400740486 0.010237208484552767 0.2670687596662525 0.012917664062499995 0.2903946140625