1 0.8235451183649038 0.27120390533352556 0.3860169853406457 0.2531561617098807 0.381306257600742 0.3673574688763553 0.8188343906250001 0.38540521250000015
1 0.43532881875000007 0.26000987500000006 0.024994911464314668 0.2365817701076681 0.019235698604064624 0.33745208491532674 0.4295696058897501 0.36088018980765874
1 1.0000000000000002 0.18048152031249995 0.965676149132525 0.07106552555569015 0.8137035875 0.11873939218750004 0.8480274383674752 0.22815538694430987
1 0.8711552096628179 0.11925636753684547 0.689884971875 0.11794971093750006 0.6891373997121819 0.22165911996315465 0.8704076374999998 0.22296577656250002
1 0.7085886515625 0.22191262812499998 0.7061747287558486 0.11745239594075714 0.5468992990572521 0.1211330175921671 0.5493132218639034 0.22559324977640993
0 0.580245353125 0.1146519437500001 0.41964125882021197 0.1053456678149638 0.4137789140625001 0.2065157359375001 0.5743830083672882 0.21582201187253638
1 0.4652486999999999 0.12085647343750003 0.28460887128525936 0.1115349619368077 0.27986245625000006 0.20351485156250004 0.46050228496474066 0.21283636306319237
0 0.36517390937500005 0.11402682187500002 0.16337008111990606 0.10347623890122155 0.15830646684885616 0.20032934618871767 0.36011029510395015 0.21087992916249615
1 0.8005989406250003 1.0000000000000002 0.7998863139241816 0.7609033919012066 0.3624696463917579 0.762207110925685 0.36318227309257645 1.0013037190244787
1 0.4350370906250001 0.7654312625 0.04276634346742607 0.6972189989538302 1.1102230246251565e-16 0.9431569671875 0.3922707471575741 1.01136923073367
1 0.9585222890624999 0.020267017187499996 0.9581796610614968 -0.0010641911338849063 0.8426282953125002 0.0007918281249999992 0.8429709233135034 0.022123036446384903
1 0.8642211322600023 0.0013553166763085663 0.7572593796875001 0.0007918281250000922 0.7571320846036745 0.024955061305548167 0.8640938371761768 0.025518549856856643
1 0.7726729 0.0239611359375 0.7725314731640982 -0.0005444055735331687 0.6782003421874999 6.938893903907229e-19 0.6783417690234017 0.02450554151103317
1 0.6854227046875 0.024223837500000005 0.6842729746287151 -0.0034037609734557162 0.5955046715037151 0.00029035621404428227 0.5966544015624999 0.027917954687500003
1 0.6066200396969169 0.026825344495192922 0.6064515609375 0.00047596250000000035 0.518108538428083 0.001040830504807081 0.5182770171875 0.0273902125
0 0.5375628861296196 0.026862193696502574 0.537328815625 6.938893903907229e-19 0.4383240310578803 0.0008627031784974426 0.4385581015624999 0.027724896875000016