1 0.2786750801022756 0.04122312769832347 0.026094181249999997 0.002485792187500003 -0.03288398010227561 0.3870439144891766 0.21969691875000003 0.4257812500000001
1 0.22026546347591996 0.37730223788903405 0.0025251437500000452 0.3746448359375 -0.002523870687420353 0.7883474063258695 0.21521644903849962 0.7910048082774036
1 0.7132246548850222 0.38445075657800387 0.6214089382458285 0.3833272599416022 0.6162031359375002 0.8087619734375002 0.7080188525766937 0.8098854700739018
1 0.7312089155604701 0.03193953286850436 0.6503498866883002 0.027955713314353398 0.6312933008153301 0.41474457419584915 0.7121523296875 0.4187283937500001
1 0.8796283012088466 0.9960039602887374 0.8761774578124999 0.8135398265625001 0.7781163655429699 0.815394401846893 0.7815672089393165 0.9978585355731303
1 0.8740012339165768 0.8610428952662028 0.8728533671875003 0.6872696312500001 0.7753067301459236 0.6879139797337972 0.7764545968750001 0.8616872437500002
0 0.874530110032176 0.6984146012761793 0.8743223483281712 0.5483050045144201 0.7787399117334952 0.5484372969882407 0.7789476734375 0.6985468937499999
0 0.879249913601933 0.41354692729107934 0.7840376750000001 0.41071402187500006 0.7794070379605672 0.566346933646421 0.8746192765625003 0.5691798390625001
0 0.9330303824843085 0.2967846774654895 0.7856997390624998 0.1568882000000003 0.7239910267009989 0.2218761429537035 0.8713216701228076 0.36177262041919267
1 0.8770849579369226 0.28319281854837886 0.7848687234375001 0.27749053750000013 0.7740927936255774 0.45175688145162135 0.866309028125 0.45745916250000007
1 0.9986203062500001 0.5992358062500001 0.996060883266586 0.5127320141272248 0.964547690625 0.5136644078124999 0.9671071136084141 0.6001681999352751
0 0.99574090625 0.5290510749999999 0.9913189408464291 0.4370184037802149 0.9614010268290004 0.43845589308676935 0.9658229922325713 0.5304885643065544
0 1.000326714341803 0.36462312583505935 0.9641877984375 0.36347585937500015 0.961041699720697 0.46257803041494083 0.997180615625 0.46372529687500014