1 0.43855217656249995 0.45229641562500006 0.4083509524934625 0.16015342352124837 0.0648147703125 0.195667584375 0.09501599438153749 0.48781057647875165
1 0.4741916453090573 0.13924787217981774 0.17205456915302797 -0.013151351915411068 0.06481477031250002 0.19945550000000004 0.36695184646852935 0.35185472409522883
1 0.679607146875 0.24926249843749998 0.6614208268057921 0.1077360448321969 0.6127625859374999 0.11398868750000002 0.6309489060067078 0.2555151411053031
1 0.6300490824350563 0.5015529432362188 0.5940229704167849 0.2303053238698558 0.5534610125 0.23569261406250003 0.5894871245182715 0.506940233428863
1 0.690082996875 0.33644951562500003 0.6755239009715865 0.21587960965250055 0.6281291359375001 0.22160263750000003 0.6426882318409135 0.3421725434724995
1 0.7020881343750001 0.4218474875 0.6888147848461017 0.3212366583186711 0.6428012609375 0.3273071140625 0.6560746104663984 0.427917943243829
1 0.7174908393992769 0.5171847028642371 0.7024675998399915 0.4200957727446652 0.6565903385657145 0.42719467769292824 0.6716135781249999 0.5242836078125002
1 0.6754355113630597 0.7523357331153413 0.6315043515625 0.49482662968749996 0.5940522706771785 0.5012159702130771 0.6379834304777382 0.7587250736409185
1 0.7316309099880524 0.6115359076997192 0.7159401937500001 0.5035054953125 0.6696329395872445 0.5102313234267795 0.6853236558252966 0.6182617358139987
1 0.7478897480472876 0.7082767226389646 0.7278529671875 0.5838128499999999 0.6826977722652126 0.5910821461110356 0.7027345531250001 0.7155460187500002
1 0.7658556614682006 0.8013673257172298 0.7411509578125001 0.663185196875 0.6935441775942996 0.6716965102202702 0.7182488812500001 0.8098786390624999
1 0.7150124175003432 0.9926187117381717 0.6695156984375001 0.7235578843749999 0.634121682499657 0.7295428195118279 0.6796184015625 0.9986036468749997
1 0.7791291586456669 0.8918013852312321 0.7544489484375 0.7458820718750001 0.708732565406964 0.7536143584188397 0.733412775615131 0.8995336717750717
1 0.8022110827020968 0.8323967577244072 0.7611386113505875 0.8185241813744126 0.7066351458359907 0.9798923345875055 0.7477076171875001 0.9937649109375002
1 0.8650634394873464 0.907413636214654 0.8476442896117025 0.9046300516557728 0.8329734141868563 0.9964376373161189 0.8503925640625003 0.999221221875
0 0.8130817102805089 0.6602874886827752 0.8038427078125 0.57615580625 0.7853348678259641 0.578188262684587 0.794573870293973 0.6623199451173623
0 0.807295316294456 0.5968952320620019 0.79592443125 0.5212227656249999 0.7748467492071704 0.5243899928979756 0.7862176342516263 0.6000624593349776
1 0.7968723572778751 0.538566955304767 0.7899857234375001 0.46740323281249996 0.7686338204108627 0.46946949259754184 0.7755204542512378 0.5406332150898088
0 0.4858924561038185 0.6955466193360649 0.4351415935290778 0.4248221579301423 0.126009403125 0.48277305468750004 0.17676026569974063 0.7534975160934226
0 0.5667397387496524 0.7551398013501045 0.4260509423970721 0.5678463585064186 0.10007822239741974 0.8127065571563143 0.2407670187500001 1.0000000000000002
1 0.7917822118193849 0.47351418444908333 0.7832649484374999 0.41086314062499996 0.7609721986487317 0.4138937879992167 0.7694894620306166 0.4765448318233001
1 0.7838483609375 0.41119128906249997 0.7761200301340532 0.3486015272179935 0.752200419196553 0.3515550240929935 0.7599287499999999 0.4141447859375
1 0.7750972843749999 0.35507502031250004 0.7669790353332046 0.28325616510932894 0.746031629489509 0.2856240148465269 0.7541498785313043 0.35744287004969794
1 0.7692632250000001 0.2992868734375 0.7589451547596797 0.21847838944641898 0.7375912659632945 0.22120497103319164 0.7479093362036149 0.3020134550242727
1 0.7617335437499999 0.2402551953125 0.7470916067805653 0.14887823652650042 0.7265548635611101 0.1521689752835316 0.7411968005305448 0.24354593406953118
1 0.7513433421874999 0.17755969687499998 0.7398590378073775 0.08043404339433188 0.7182835812499999 0.08298516250000001 0.7297678856301223 0.18011081598066808
0 0.6689891140625 0.16009267812500005 0.6463773637738867 -0.0006415719712770552 0.5988491291595477 0.006044598350943231 0.621460879448161 0.16677884844722032
1 0.74455429375 0.119712509375 0.7338212088427828 0.010536997564757488 0.7096053859375 0.0129176640625 0.7203384708447172 0.12209317587274252