0 0.8890217414507304 0.46811781239342504 0.52213190625 0.46204736250000006 0.5172243585492697 0.7586529516690752 0.8841141937500001 0.7647234015625002
1 0.8552974859375 0.47766956250000003 0.8403347796875 0.17662386406250002 0.5035620128026851 0.19336229284607348 0.518524719052685 0.49440799128357343
0 0.9496521531362102 0.7720746986122391 0.5336495328125 0.6314348796875 0.4565938328012897 0.8593601810752609 0.872596453125 1
1 0.8256895390625001 0.1820856546875 0.7510413254314152 -0.03873164749420301 0.43358871918141506 0.068584535318297 0.5082369328125 0.2894018375
1 0.401861240625 0.7843067140625001 0.3775260790080176 0.5205392963932328 0.34573001912963897 0.5234727984260494 0.3700651807466214 0.7872402160953167
1 0.38199394375000006 0.532607246875 0.35864482187500013 0.25791219062500004 0.319911023672696 0.26120456940768977 0.343260145547696 0.5358996256576898
1 0.36408753187329473 0.2694932306346754 0.3079431078125 1.1102230246251566e-17 0.2653445681267052 0.008874695927824628 0.3214889921875 0.2783679265625
1 0.3753590637991854 0.9757725591041903 0.3003741062500001 0.8653300765624999 0.2646904330758147 0.8895575174583097 0.33967539062499996 1
1 0.3544133734375 0.94428355 0.3373804034880361 0.7814057853545295 0.28984697656249997 0.7863766015625 0.30687994651196393 0.9492543662079702
1 0.343184434375 0.8503289156250002 0.33118811622567546 0.698193791438774 0.28423250624999996 0.7018963843750001 0.2962288243993245 0.8540315085612263
1 0.33476273125 0.7532161437500001 0.31959821428176316 0.6178017519215782 0.27597554265345864 0.6226868807116216 0.29114005962169553 0.7581012725400436
1 0.32599020156249997 0.653807071875 0.3148586796706235 0.5343171365805458 0.26978499375 0.538516140625 0.28091651564187653 0.6580060759194543
1 0.316247965625 0.5574853984375 0.30458900503087066 0.4509717535830783 0.2608930097237222 0.45575470780554994 0.2725519703178515 0.5622683526599717
1 0.3057563265625 0.4582129515625001 0.29526468750000007 0.3566220390625 0.24998737657262815 0.36129798095809595 0.2604790156351281 0.46288889345809603
1 0.2959785728162825 0.36546345898407034 0.28027663281250004 0.2531342015625 0.2364231849593673 0.2592642537230395 0.2521251249631498 0.37159351114460987
1 0.28336381402451155 0.27830755189103723 0.2675367859375 0.1481709765625 0.22323245316298843 0.15355920748396285 0.23905948124999998 0.2836957828125001
1 0.2617455911567831 0.028454684382979278 0.2135797875 0.0006323078125000214 0.16841159478071693 0.07882700467952079 0.21657739843749998 0.10664938125000005
1 0.1650894424715199 0.15848119310768796 0.1532528640625 0.05290315156249999 0.13262006646264782 0.0552163383105565 0.1444566448716677 0.16079437985574446
1 0.17218219100181067 0.21691863708722683 0.161870996875 0.12266786406250003 0.14258848837261745 0.12477740313617725 0.1528996824994281 0.21902817616090403
1 0.18111442103613312 0.276125002356136 0.16973972656249997 0.18948180468750003 0.14899749615136684 0.192204886706364 0.16037219062499997 0.278848084375
1 0.1881951051605232 0.33623986235315556 0.1776084546875 0.25882497812499994 0.15718014832025506 0.2616185925755296 0.16776679879327827 0.33903347680368523
1 0.19488364307844158 0.3939863642718663 0.1869759890625 0.3243743015625 0.166824969491192 0.3266633774013191 0.17473262350713356 0.3962754401106854
1 0.20421225312500005 0.455262178125 0.19521941875 0.390977471875 0.1709143935528722 0.3943775195508493 0.17990722792787223 0.45866222580084937
1 0.2124556828125 0.5189145749999999 0.20399312856530286 0.4497785345575432 0.17662127897763946 0.4531289688679158 0.18508383322483662 0.5222650093103727
1 0.21770150156249998 0.58172389375 0.21098320100403561 0.5053871975144432 0.1866012875 0.5075330203125 0.19331958805846444 0.5838697165480569
1 0.22444612656250004 0.6422147484375003 0.21706154372967373 0.561630481833285 0.19364427789545086 0.5637763937657029 0.20102886072827714 0.6443606603699181
0 0.229691946875 0.7056563749999999 0.22136246863630502 0.6169279307855127 0.20074759680742474 0.6188631740754442 0.20907707504611966 0.7075916182899313
1 0.26154156406249995 0.9579474984375 0.24642248880142867 0.8376698436468308 0.22519552968749998 0.8403381031249999 0.2403146049485713 0.9606157579156692
1 0.2768095526235017 0.9918052884434859 0.23306425937499994 0.8982997218750001 0.2141338545106018 0.907156051423032 0.25787914775910353 1.000661617991518