1 0.618407840625 0.6395735953125001 0.18116560937500006 0.6145947875 0.17467475697391213 0.7282140926273593 0.611916988223912 0.7531929004398594
1 0.9807370437500001 0.6630253218750001 0.5705632419658937 0.6390764478282485 0.5646711812500003 0.739990125 0.9748449830341066 0.7639389990467518
1 0.1862964125 0.8812606078125 0.12677717470179212 0.7582011312199434 -4.4408920985006264e-17 0.8195184796874999 0.05951923779820785 0.9425779562800566
1 0.31137576250532173 0.7792639017852793 0.12959236250000009 0.7770342234375001 0.12832372117222304 0.8804652560706513 0.3101071211775447 0.8826949344184305
1 0.4508569765625001 0.7817719265624999 0.29141134843750005 0.778087371875 0.28901073208925415 0.8819717796249433 0.44845636021425417 0.8856563343124433
0 0.5862210859375001 0.7934842640625 0.42552243130633843 0.7843106769709473 0.4197546468750001 0.88534805625 0.5804533015061617 0.8945216433415528
1 0.7201375437500002 0.7964851484375001 0.5394542061849712 0.7872392581197396 0.534748963203125 0.879189192284686 0.715432300768154 0.8884350826024464
0 0.8415719953125 0.801995340625 0.7819188904460852 0.733866915651032 0.6232721376901142 0.8727776769446365 0.6829252425565292 0.9409061019186046
1 0.6368254984375 0.001303742187500078 0.19940105937500002 2.1250362580715887e-17 0.1986952029387951 0.2368250859916044 0.6361196420012952 0.23812882817910444
1 1 0.05684303281250008 0.5990548631075903 -0.0011464542289643554 0.5636680750984638 0.2435213517193256 0.9646132119908735 0.30151083876079
1 0.15737170468749997 0.9992081718750001 0.15718828442808644 0.9780015045587461 0.04147139165584637 0.9790023606656624 0.0416548119152599 1.0002090279819162
1 0.2427406203125 0.9992081718750002 0.24261268392432767 0.9749232058984418 0.13587280177750657 0.9754855256072273 0.13600073816567892 0.9997704915837857
1 0.3217996578125001 0.9755111421875 0.22732710000000006 0.9755111421875 0.22732710000000006 1 0.3217996578125001 1
1 0.4033455984375002 0.9720820453125001 0.31457729531250006 0.9720820453125001 0.31457729531250006 1 0.4033455984375002 1
1 0.48205558250529357 0.998381812602986 0.4817160484174746 0.9720724646865893 0.393208904974681 0.9732146895836034 0.3935484390625 0.9995240375
0 0.5618135030960154 0.9986005258940788 0.56143549776503 0.9718216631453951 0.46229317904401457 0.9732211372513163 0.462671184375 1