1 0.618684562592546 0.6189342022552575 0.5938727308940698 0.18858753141296916 0.48174047656249996 0.1950525671875 0.5065523082609762 0.6253992380297884
1 0.6519428589813903 0.9710579590534858 0.6155531640625 0.5703101453125 0.5142350704863881 0.5795102816291045 0.5506247654052782 0.9802580953700902
1 0.7424290765625 0.2035698046875 0.7380984209922337 -0.0017890493757437593 0.6345522027968543 0.000394557504287521 0.6388828583671207 0.2057534115675313
1 0.743158484065692 0.14552173348290298 0.6384930687499999 0.1454344000000001 0.6383444565593079 0.32353970557959716 0.7430098718749999 0.3236270390625001
0 0.7475606507640289 0.4562342034759957 0.7420770934533732 0.3023333641795683 0.648329440625 0.30567363593749997 0.6538129979356556 0.45957447523392736
0 0.7604752907107569 0.5860201153963407 0.7470894000000001 0.429673321875 0.6511946405392433 0.43788351116615926 0.66458053125 0.5942303046874999
1 0.7631806354030071 0.7189177857185605 0.7534239562500001 0.5396173406250001 0.6623958519884731 0.5445706579841553 0.67215253114148 0.7238711030777156
0 0.7622193153515044 0.8444435048138998 0.7581271390625 0.6382014984375001 0.6707202288359752 0.6399357934621098 0.6748124051249796 0.8461777998385097
0 0.8815443401872466 0.6347354006517472 0.8740501984375001 0.5261129312499999 0.8328182004377535 0.5289576321607528 0.8403123421875 0.6375801015625
0 0.8785286753668299 0.5609069341754241 0.8697517296875 0.46641862500000003 0.8280058496331701 0.47029636738707586 0.8367827953125 0.5647846765625
1 0.8711846921875003 0.40052495781250014 0.8338567173904957 0.39983144509135576 0.8321767312463513 0.4902558577026629 0.8695047060433557 0.49094937042380726
1 0.8722263654263213 0.32908307302591655 0.8341921734375 0.3278629156250001 0.8314919014993386 0.4120345653161895 0.8695260934881599 0.41325472271710595
1 0.8732573539012851 0.24325646273369572 0.8340609609375 0.24299381718750007 0.8334341018212921 0.3365442946569038 0.8726304947850771 0.3368069402030994
1 0.8750768924733983 0.2654430774766056 0.8749097589866915 0.1540045419784037 0.8327462193686037 0.15406777808749975 0.8329133528553104 0.26550631358570165
1 0.8749636890624999 0.1928553734375 0.871571940100249 0.0621512425992488 0.8305490643365177 0.063215778933394 0.8339408132987686 0.19391990977164522
1 0.874377828125 0.11985241875 0.8715090866252382 -0.000496687686902983 0.8311696910753058 0.00046487573068725306 0.8340384325750676 0.12081398216759023
1 0.1755897265625001 0.5773504609375 7.229832794082957e-17 0.5773504609375 9.735279327952055e-17 0.98652093125 0.1755897265625001 0.98652093125