1 0.6186845625925461 0.38106579774474253 0.5065523082609764 0.37460076197021164 0.48174047656250013 0.8049474328124999 0.5938727308940699 0.8114124685870309
1 0.6519428589813903 0.028942040946514497 0.5506247654052782 0.019741904629910018 0.514235070486388 0.42048971837089566 0.6155531640625 0.4296898546875001
1 0.7424290765625001 0.7964301953125 0.6388828583671209 0.7942465884324688 0.6345522027968544 0.9996054424957125 0.7380984209922337 1.0017890493757438
1 0.743158484065692 0.8544782665170969 0.743009871875 0.6763729609374999 0.6383444565593079 0.6764602944204028 0.6384930687499999 0.8545655999999997
0 0.7475606507640289 0.5437657965240044 0.6538129979356556 0.5404255247660725 0.648329440625 0.6943263640625 0.7420770934533732 0.6976666358204318
0 0.760475290710757 0.4139798846036594 0.6645805312500002 0.4057696953125001 0.6511946405392434 0.5621164888338409 0.7470894000000002 0.5703266781250002
1 0.7631806354030071 0.2810822142814398 0.67215253114148 0.2761288969222846 0.6623958519884731 0.45542934201584495 0.7534239562500001 0.46038265937500017
0 0.7622193153515046 0.15555649518610032 0.6748124051249798 0.15382220016149054 0.6707202288359753 0.3600642065378903 0.7581271390625001 0.3617985015625001
0 0.8815443401872466 0.36526459934825295 0.8403123421875 0.3624198984375001 0.8328182004377535 0.4710423678392474 0.8740501984375001 0.4738870687500002
0 0.87852867536683 0.439093065824576 0.8367827953125 0.4352153234375001 0.8280058496331701 0.5297036326129241 0.8697517296875003 0.533581375
1 0.8711846921875 0.5994750421874999 0.8695047060433556 0.5090506295761928 0.8321767312463513 0.5097441422973371 0.8338567173904957 0.6001685549086442
1 0.8722263654263213 0.6709169269740836 0.8695260934881599 0.5867452772828942 0.8314919014993386 0.5879654346838106 0.8341921734375 0.672137084375
1 0.8732573539012849 0.7567435372663043 0.8726304947850771 0.6631930597969007 0.8334341018212921 0.6634557053430964 0.8340609609374999 0.7570061828124999
1 0.8750768924733985 0.7345569225233946 0.8329133528553105 0.7344936864142985 0.8327462193686038 0.8459322219125005 0.8749097589866917 0.8459954580215966
1 0.8749636890625002 0.8071446265625 0.8339408132987689 0.8060800902283548 0.8305490643365179 0.9367842210666062 0.8715719401002492 0.9378487574007514
1 0.8743778281250002 0.8801475812500001 0.8340384325750678 0.87918601783241 0.8311696910753058 0.9995351242693129 0.8715090866252382 1.000496687686903
1 0.1755897265625 0.013479068750000012 1.6507098400174616e-18 0.01347906875 2.670517517870847e-17 0.42264953906249997 0.17558972656250002 0.42264953906249997