1 0.6376635156250001 0.48089979531250016 0.6319433505113227 0.3703622167244981 0.20223179894882265 0.39259918859949794 0.2079519640625 0.5031367671875
1 0.9966699593750002 0.45794525312500023 0.9891052040754106 0.3492578674665658 0.5833177984375 0.37750109375 0.5908825537370894 0.4861884794084344
1 0.2181336920697711 0.34550658513893057 0.21602887191726156 0.2416360137148373 -0.0021048201525095413 0.24605624732590675 1.3877787807814458e-18 0.34992681875
1 0.33688099843749997 0.2532771609375 0.16049338138139918 0.24942416412149596 0.15835965625 0.34710467343749996 0.3347472733061008 0.35095767025350405
1 0.5031094312499998 0.15963017187499998 0.5027650509002262 0.12016910010416959 0.41326662968749994 0.12095016093749997 0.41361101003727374 0.16041123270833035
1 0.4271348426109152 0.1194455803348408 0.3418705147466322 0.11482042506077658 0.339607525 0.15653844062500005 0.4248718528642829 0.16116359589906426
1 0.350479971875 0.11655473281250003 0.2568090851140811 0.1147330036050482 0.25602139999999995 0.155234721875 0.34969228676091885 0.15705645108245184
1 0.278215984375 0.11347556093750003 0.1688463455727533 0.10911655665664592 0.1671076390625 0.15274158906250002 0.27647727786474674 0.1571005933433541
1 0.20550567968750005 0.11340433593750002 0.08195604927944967 0.10497552752691278 0.07891993437500003 0.14947895625000002 0.20246956478305042 0.15790776466058726
1 0.13284758750000003 0.11055040781250003 0.001348600711050886 0.10652179412491747 0.00005323520486930564 0.148804143536893 0.13155222199381844 0.15283275722447556
1 0.7370859328125 0.3278506375 0.7336247425806788 0.24217602337229788 0.5526449974464808 0.24948746950361386 0.556106187678302 0.335162083631316
0 0.607734796875 0.331614153125 0.603667365882406 0.24291288173239534 0.45059358281249995 0.2499321390625 0.454661013805094 0.33863341045510464
0 0.8599260453124999 0.3241479125000001 0.8571876572723609 0.24209989578633434 0.658222545830925 0.24874044242474502 0.6609609338710642 0.33078845913841076
0 0.470986771875 0.33819350468750004 0.4676266350826661 0.24295120807187995 0.31466932258266617 0.2483475236968799 0.318029459375 0.34358982031249996
1 0.9919724015625 0.9986962578125003 0.991180679308461 0.8356783971403899 0.5845444736066476 0.8376532907626271 0.5853361958606864 1.0006711514347373
0 0.5776658734375 0.1598214140625 0.5776438284259514 0.12166415998783271 0.4795548563679251 0.12172083001229447 0.4795769013794736 0.15987808408696175
0 0.6497998499999998 0.156157465625 0.6470570067873356 0.11248020602703016 0.542527896875 0.11904442187499997 0.5452707400876643 0.16272168147296986