1 0.6652226639455162 0.5302334790694395 0.3565426526411206 0.5134361101956038 0.33602679843750016 0.8904495671875002 0.6447068097418958 0.9072469360613361
1 0.9571379453124997 0.9013679968750001 0.9560551518466139 0.5125652766059836 0.585028659828722 0.5135985642870717 0.5861114532946078 0.902401284556088
0 0.4132850031250001 0.5199092484375001 0.12297874498033881 0.4682102781396583 0.048184312500000104 0.8882049453124999 0.33849057064466137 0.9399039156103417
1 0.927673309375 0.35308122500000005 0.9251603885524329 0.298040307073832 0.6222624015625 0.31186926718749997 0.624775322385067 0.3669101851136681
1 0.6463584828125 0.3685966234375 0.6455321236754785 0.3100603458477922 0.36036118773797854 0.31408611616029225 0.361187546875 0.37262239375000006
1 0.3867238546875 0.31314946250000003 0.08942011663201967 0.3110156787138317 0.08899515143206167 0.37022680559088333 0.386298889487542 0.3723605893770517
0 0.979218921875 0.2722110609375 0.9779720140396476 0.22030851045756156 0.8095534984375001 0.2243546 0.8108004062728525 0.2762571504799385
1 0.869813125 0.2744063109375 0.8685677366361974 0.22338432559069182 0.7208928203125 0.22698890156249996 0.7221382086763025 0.27801088690930814
1 0.7631239515625 0.27660156250000006 0.7614441798284768 0.22652335647067218 0.6334480949151222 0.23081672523426508 0.6351278666491454 0.280894931263593
1 0.656928709375 0.27967491250000004 0.6545728475414863 0.22980023520537904 0.5467820156250001 0.23489180312500002 0.5491378774585137 0.284766480419621
1 0.5544379515625 0.28406541250000006 0.5531370507896498 0.23430597665006095 0.45237505391464994 0.23694027821256097 0.4536759546875001 0.28669971406250006
1 0.4620727875 0.23796515312500008 0.35093823125 0.23796515312500005 0.35093823125 0.28582161406250006 0.4620727875 0.2858216140625001
0 0.37785749062499996 0.23884325312500004 0.25179666603134127 0.23256571360860462 0.24918837187500004 0.28494351406249996 0.37524919646865873 0.2912210535788954
0 0.2891968109375 0.23489180312500002 0.14941423593750006 0.23489180312500002 0.14941423593750006 0.2853825640625 0.2891968109375 0.2853825640625
0 0.30697834062500007 0.15586278593750005 0.21771066093584007 0.15037150111593955 0.21626945318307328 0.17380012961001917 0.3055371328722333 0.17929141443157967
1 0.20792392085454833 0.2851160940522252 0.2076981375 0.23533085312499996 0.05213492231307223 0.23603635507527834 0.05236070566762061 0.28582159600250356
1 0.3628184734375 0.15616737187500004 0.2810643609375 0.15616737187500004 0.2810643609375 0.17716466718750004 0.3628184734375 0.17716466718750004
1 0.42137105334684266 0.17687488535150284 0.4212439640625001 0.15399876562499998 0.34493663415315734 0.15442269433599715 0.3450637234374999 0.1772988140625
1 0.4787639337742055 0.175413452842745 0.4783791437499999 0.1525425125 0.40959596622579425 0.15369974871975495 0.40998075624999986 0.17657068906249998
1 0.53879089375 0.14926594218750006 0.47407864687499995 0.14926594218750006 0.47407864687499995 0.17547849843750005 0.53879089375 0.17547849843750005
1 0.6059605687499999 0.17293005625 0.6052425711687132 0.1465974840785075 0.534080825 0.1485378171875 0.5347988225812867 0.17487038935899252
1 0.6710823875 0.1703816125 0.6702310428404427 0.14492108640832516 0.5909910555056676 0.14757069937382128 0.5918424001652249 0.17303122546549612
1 0.7374329187499999 0.16637691718750003 0.7358293706109278 0.1415720323772067 0.6506038281250001 0.14708156249999998 0.6522073762640722 0.1718864473102933
0 0.80583130625 0.1649206640625 0.8050551134089003 0.14054335804577572 0.7087335530256546 0.14361031325246382 0.7095097458667542 0.1679876192691881