1 0.8026334251425575 0.3898299125485788 0.3697430137990386 0.3739322058085598 0.3655880917814814 0.48706964950998105 0.7984785031250002 0.5029673562500001
1 0.42034513437500004 0.378873403125 0.01168612876377563 0.35910505501139917 0.006751711158205392 0.4611112611129342 0.4154107167694298 0.480879609226535
1 0.8456858487543254 0.24732754654855457 0.66813814375 0.24467764843750003 0.6666921090581746 0.3415644456389455 0.8442398140625 0.34421434375000004
1 1.0000000000000002 0.3355901718750001 0.9942639806069182 0.23666150528428115 0.7912372390625 0.24843327343750002 0.7969732584555821 0.34736194002821896
1 0.6617830593749999 0.15408120781249998 0.6599112014450667 0.11559710089025536 0.5729798545700667 0.11982542120275537 0.5748517125 0.158309528125
1 0.74825714375 0.15310445312500004 0.7478663660965792 0.11300532808948485 0.6533204776431643 0.11392670531149887 0.6537112552965851 0.15402583034701406
1 0.8361036750000002 0.14995955312500003 0.8346209335255763 0.10359463434611756 0.7225442842494253 0.10717882473343891 0.7240270257238491 0.1535437435123214
1 0.9274458828125001 0.1476853609375 0.9262379723224958 0.10328921232017793 0.7939443134508786 0.10688859882754079 0.7951522239408828 0.15128474744486284
1 1.0014073875561307 0.10418322978573673 0.8692716819299866 0.09610713114734692 0.866251891014775 0.14551492336129554 0.998387596640919 0.15359102199968536
1 0.5884519555509485 0.15919862353066444 0.5880768078125 0.11894696093750001 0.49998747480879135 0.11976795842999596 0.5003626225472398 0.16001962102316042
0 0.5240663274821158 0.15915694092115382 0.5238204246700586 0.1211126159528535 0.4228986190629427 0.12176493284419969 0.42314452187499996 0.15980925781250002
0 0.46127927656249995 0.12208803281250005 0.3535177255760135 0.117783478510016 0.35194527894232086 0.15714859651826402 0.45970682992880735 0.16145315082074804
0 0.5608699187500001 0.24676934687500007 0.39736658464754726 0.244559166912224 0.39614430266002254 0.33498039212442676 0.5596476367624753 0.3371905720872028
0 0.6848643470259291 0.24383871556307374 0.5321065517778526 0.24286547926798474 0.5314992641269235 0.3381844918299111 0.684257059375 0.3391577281250001
0 0.346059896875 0.249207471875 0.14472240338303993 0.24790130003122632 0.14419794781633397 0.32874255361652227 0.345535441308294 0.33004872546029596
1 0.4521221125 0.25221198281250007 0.27045381105323657 0.24364956028068385 0.26648535625 0.32784797968750007 0.44815365769676346 0.33641040221931623
1 0.41840891715331613 0.9952367203544851 0.4169450021042703 0.8316241039697454 0.01307748807595425 0.8352376867402601 0.014541403124999996 0.9988503031249998
1 0.7657547671875 0.998850303125 0.7654056634052371 0.8755175094623262 0.37259797434273706 0.8766293844623261 0.372947078125 0.9999621781249999