1 0.590042504739784 0.5243491182296218 0.31047265023400616 0.48885605635582685 0.2790689234375 0.7362152546875 0.558638777943278 0.771708316561295
1 0.36804592031250005 0.4984729843750001 0.03080092712703153 0.4602812697849264 0.003106277289243142 0.7048338408351509 0.3403512704747117 0.7430255554252246
0 0.8682537093741161 0.5505973400765076 0.5385943406250001 0.51855681875 0.5133816187508842 0.7779661427359925 0.8430409875 0.8100066640625
1 1.0005546464367425 0.30443437141598517 0.9153082296875 0.29342548906250004 0.9132388971473011 0.3094492032280638 0.9984853138965436 0.32045808558154887
1 1.0016548077316618 0.3603401128122434 0.8590937421874999 0.34354448750000005 0.8549979302742632 0.37830968973357687 0.997558995818425 0.39510531504582025
1 0.9306405912327254 0.35327307828353866 0.772034678125 0.3341461171875001 0.7679395322047746 0.36810417015396163 0.9265454453125 0.3872311312500002
1 0.8226650401090468 0.33990899920250495 0.6874008249999999 0.32600271406250003 0.6839810692659531 0.35926613204749513 0.8192452843750001 0.37317241718750005
1 0.7246007980863317 0.3314088078693939 0.6031067312500001 0.3146407187500001 0.5986991528341283 0.3465760587181634 0.7201932196704599 0.36334414783755725
1 0.623101954351872 0.3166300229184186 0.5208916375 0.30450997187500006 0.5167225272334502 0.33966874140558223 0.6189328440853222 0.35178879244900085
1 0.5278531993547536 0.30660568546268524 0.43123846603021204 0.2957231381628477 0.42744989323795846 0.32935790582516244 0.5240646265625 0.34024045312500006
1 0.4380606109375001 0.2969619234375001 0.33380450079568236 0.2809328147802669 0.3289792265625 0.31231723749999996 0.4332353367043177 0.3283463461572332
1 0.35430965468750003 0.28494426875000006 0.23582578489852293 0.26691347569955565 0.231200321875 0.2973082984375 0.34968419166397713 0.3153390914879444
1 0.45956672187500003 0.23575976250000008 0.39073616625541885 0.2279744709316917 0.388174265625 0.25062449531250003 0.4570048212445812 0.2584097868808084
1 0.4039437875 0.23016172187500006 0.33023317572085753 0.22024305352779291 0.3272076137829819 0.24272752559699948 0.4009182255621243 0.2526461939442067
1 0.5180613394765037 0.2416221008213618 0.45591204558249354 0.2366745880010636 0.45439797173098995 0.2556939668672019 0.5165472656250001 0.26064147968750007
1 0.5813402007363174 0.24936741558905756 0.5145054375 0.24099441406250005 0.5121061820761826 0.2601456906609426 0.5789409453125001 0.26851869218750013
1 0.6429192815195489 0.25550627350070815 0.5704589343750001 0.2493869359375001 0.5689291341054512 0.26750161868679206 0.6413894812500001 0.2736209562500001
0 0.7061624503200135 0.2631119453757464 0.62351775625 0.2547992031250001 0.6217450824924867 0.2724229999367538 0.7043897765625001 0.28073574218750014
0 0.7741478655257815 0.27235865238378565 0.67954645 0.2606671218750001 0.6771780204117187 0.27983114761621447 0.7717794359375001 0.2915226781250001
1 0.34499836250000004 0.2238846828125 0.2671297369892459 0.21061760329062165 0.26403499240904615 0.22878162396824048 0.34190361791980023 0.24204870349011892
1 0.3534639375 0.34615957812500003 0.06581241140096564 0.3089558317594295 0.061381551773948426 0.34321430457875807 0.34903307787298277 0.3804180509443286