0 0.5673872774786861 0.7754605322405977 0.547631421875 0.488052875 0.253040779293919 0.5083024753513119 0.2727966348976051 0.7957101325919096
0 0.6510973152657907 0.8469279622322066 0.5418274595213144 0.648679009721758 0.26689387550552357 0.8002155131145514 0.37616373124999997 0.9984644656249999
1 0.5478576942081574 0.5037943277179541 0.5341157339889049 0.21971986321193024 0.23180493750000003 0.23434399687500002 0.24554689771925248 0.5184184613810239
1 0.6149038567152291 0.17385371441425004 0.3156261640625001 0.0023387390624999282 0.19351043736196077 0.21541933362048254 0.4927881300146898 0.3869343089722327
0 0.7925490265624999 0.19537333437499999 0.7905379889538617 0.04627790702431497 0.745185753125 0.046889629687500003 0.7471967907336382 0.19598505703818503
1 0.7931805562500001 0.28524506875 0.7930645818048898 0.15412720245120495 0.7477118437500001 0.1541673171875 0.7478278181951103 0.2852851834862951
1 0.8657252281249999 0.15758635000000001 0.8624411878403088 0.05229213169717626 0.8421307723371434 0.05292559689390135 0.8454148126218346 0.1582198151967251
1 0.86690931875 0.21455543281249997 0.8659789634150542 0.1204345312358168 0.8448854062499999 0.12064303437499999 0.8458157615849456 0.21476393595168317
1 0.869514296875 0.27871781718749994 0.8649824772718582 0.1879686231055752 0.8465160592132642 0.18889079631277966 0.8510478788164061 0.27963999039470444
1 0.8729876015625001 0.34008280000000013 0.8700045442989544 0.2577430413416541 0.8499374796874998 0.25847004375000004 0.8529205369510455 0.340809802408346
1 0.8726718359375001 0.3238313015625001 0.8530950453124999 0.3238313015625001 0.8530950453124999 0.3933220343750001 0.8726718359375001 0.3933220343750001
1 0.7962591531250001 0.3739178984375 0.7932703434238034 0.2570446160545198 0.7506008461639093 0.25813580648534595 0.753589655865106 0.37500908886832623
1 0.716452109375 0.28826450624999994 0.7060353496132882 0.0010032974716565224 0.6682199136927689 0.002374573158142998 0.6786366734544809 0.2896357819364864
1 0.8756841043569006 0.4514458639835152 0.871679456516447 0.38732150026302253 0.8503534021595464 0.3886533394045073 0.8543580499999999 0.45277770312500004
1 0.7235267116110029 0.5432272029448105 0.7171292175002348 0.27011180554592074 0.679635553125 0.2709900625 0.6860330472357681 0.5441054598988897
1 0.7976202609797697 0.4636035097302795 0.7954026504295093 0.3633954801278169 0.7533164781249999 0.3643268499999999 0.7555340886752602 0.46453487960246254
1 0.8019847277697532 0.5639038039968021 0.7981536625 0.4591717546874999 0.7563350907614007 0.4607014648275668 0.7601661560311539 0.5654335141368689
1 0.8773042054887407 0.5151285758140165 0.8755925781249999 0.45046873437499996 0.8536807813282634 0.45104876720761056 0.8553924086920042 0.5157086086466272
1 0.8782185638568171 0.5802433672584522 0.8764609046875 0.5085923015625 0.8561520409586629 0.5090904945789567 0.8579097001279801 0.580741560274909
1 0.8100360190329333 0.658230969443354 0.8017848734375 0.54473636875 0.7590374887795666 0.5478441368066459 0.767288634375 0.6613387375
1 0.817980267832788 0.7588148714710898 0.8070737437500002 0.626526771875 0.761434183729712 0.6302895363414104 0.7723407078125001 0.7625776359375
1 0.823946905593534 0.8586874371252733 0.8127573203124999 0.7096492484374999 0.768097728781466 0.7130022300622266 0.7792873140625 0.86204041875
1 0.8249830469423314 0.9584059541250122 0.818677746875 0.7945478406250002 0.7751133718076688 0.7962242083749882 0.7814186718750001 0.9600823218750001
1 0.85742124191197 0.8927730379795709 0.8220952046793822 0.8761331930950946 0.7719845049549126 0.9825171441780242 0.8073105421875002 0.9991569890625002
0 0.8800401528411042 0.6425576378218734 0.87819755625 0.5642737015625 0.858936342847799 0.5647270595290417 0.8607789394389032 0.643010995788415
0 0.884837296228145 0.7072141043006871 0.8799342078125001 0.6219088359375 0.8607431725218552 0.623011878511813 0.8656462609375002 0.708317146875