1 0.9975142078125001 0.9739058187499999 0.9852569489746326 0.7288303050881761 0.5726764174265749 0.7494651954984347 0.5849336762644425 0.9945407091602585
1 0.6253551640625 0.9974748562499999 0.6226977621109658 0.77973453652408 0.20899519172259629 0.7847835509615004 0.21165259367413033 1.0025238706874204
1 0.6165329343749999 0.3671656968749999 0.6129715823152166 0.27609422372597114 0.1876766745027166 0.2927253909134712 0.19123802656249997 0.38379686406249996
1 0.9720248281250001 0.349255165625 0.9679494344575319 0.26836591714863306 0.58127160625 0.28784767031249997 0.5853469999174681 0.3687369187888669
1 0.18646017343750004 0.12382254218750002 0.003996039711262716 0.12037169879115361 0.002141464426869925 0.21843279106068372 0.18460559815310723 0.22188363445703013
1 0.31273036875 0.12714663281250005 0.13895710473379724 0.1259987660834235 0.13831275625000003 0.22354540312500001 0.31208602026620286 0.2246932698540766
0 0.45156327812499997 0.2208445640625 0.45143102684268166 0.12529188867839708 0.3013208549676817 0.12549965117839706 0.30145310625 0.2210523265625
0 0.5892859781250002 0.215962325 0.5869807124836756 0.1209780779980109 0.43080530112011123 0.12476845188841612 0.4331105667614358 0.21975269889040522
0 0.8431117999999997 0.2143002609375 0.7032153225345106 0.0669696175156913 0.6382273795808073 0.12867832987719216 0.7781238570462967 0.27600897329900087
1 0.7225094624999999 0.21513127656250003 0.7209795629907245 0.1258277058119699 0.5424585218831488 0.1288860298060775 0.5439884213924243 0.21818960055660766
1 0.4872679858727751 0.003939116733414105 0.40076419375000005 0.0013796937500000482 0.39983180006472485 0.032892886391586 0.4863355921874999 0.03545230937500006
0 0.5629815962197852 0.008681059153571175 0.4709489250000001 0.004259093750000059 0.46951143569344567 0.034177007767428574 0.5615441069132308 0.03859897317099969
0 0.636524140625 0.035812201562500014 0.6355258321634888 -0.0001760663001476981 0.5362679885633745 0.002577329487488786 0.5372662970248858 0.038565597350136496