1 0.7710596281250001 0.5587211328125001 0.7362152546875002 0.2790689234375 0.4889148615896942 0.30988229432986253 0.5237592350271941 0.5895345037048626
1 0.7434456975996139 0.3365482390927427 0.7006341203125002 0.0035818796875 0.4556614070878863 0.035079560907257376 0.49847298437500004 0.36804592031250005
0 0.8100066640625 0.8430409875000002 0.761933639458835 0.5040777377257486 0.5106517702820823 0.5397154639023596 0.5587247948857474 0.8786787136766112
1 0.32830835825630567 0.9923781158248449 0.2934254890625 0.9153082296874999 0.27767944174369436 0.9224351029251551 0.31256231093750003 0.9995049890625001
1 0.38622822343749996 0.9986048375 0.38612337813617054 0.8590617506591478 0.3435444875 0.8590937421875001 0.3436493328013294 0.9986368290283523
1 0.38723113124999997 0.9265454453125 0.36651946700695126 0.7678106149477962 0.33329654645980694 0.772145529811566 0.35400821070285565 0.93088036017627
1 0.37317241718749994 0.8192452843750001 0.3586678511072125 0.683900190977061 0.32563926444272806 0.6874397749086703 0.34014383052301544 0.8227848683066095
1 0.361948978125 0.7203857750000001 0.3469247272438879 0.5991073150050994 0.31464071875 0.6031067312499999 0.32966496963111214 0.7243851912449006
1 0.349860303125 0.6191615234375001 0.3398909483356428 0.5174246021060271 0.30450997187499995 0.5208916375 0.3144793266643572 0.622628558831473
1 0.340240453125 0.5240646265625 0.32537516875 0.4278985031250001 0.292232570401017 0.4330216601346953 0.3070978547760171 0.5291877835721952
1 0.32648827520777224 0.4340794683918051 0.31231723749999996 0.3289792265625 0.2812426179808184 0.33316912753034167 0.2954136556885907 0.4382693693596467
1 0.3149007740872519 0.3498686282080438 0.2973082984375 0.231200321875 0.2670242304642444 0.2356899092371024 0.2846167061139963 0.35435821557014624
1 0.25341091016988543 0.45887102634930155 0.2506244953125 0.38817426562499996 0.2289423019293388 0.38902883923154963 0.23172871678672427 0.4597255999558512
1 0.2532665329192677 0.398866854379053 0.23767003750000004 0.32788816093750006 0.21456522645573228 0.3329650940584471 0.230161721875 0.4039437875000001
1 0.26064147968750007 0.5165472656250001 0.2535171359375 0.4545712625 0.2346830093496973 0.4567363067958041 0.2418073530996973 0.5187123099208042
1 0.2685186921875 0.5789409453125001 0.25969060390135396 0.5120383924119407 0.24062923749605286 0.5145536241659621 0.2494573257821989 0.5814561770665214
1 0.27362095625 0.64138948125 0.26684116957703485 0.5688280948003153 0.24892248129933572 0.5705023307807207 0.25570226797230083 0.6430637172304053
0 0.28073574218749997 0.7043897765624999 0.2709932009129311 0.6216118060217148 0.25387554536248896 0.6236264660168142 0.26361808663705777 0.7064044365575992
0 0.291522678125 0.7717794359374999 0.27763169207601857 0.6770585652674967 0.25942673933848004 0.6797283543299362 0.2733177253874615 0.7744492249999393
1 0.2424703836159988 0.3410893863380927 0.2263512625 0.264449071875 0.2077655616965012 0.2683580480369074 0.22388468281249993 0.34499836250000004
1 0.3804527584646316 0.3488935500497422 0.342153190625 0.061518792187500004 0.30786001028536836 0.06608917963775773 0.346159578125 0.35346393749999994