1 0.9675194765624999 0.886880803125 0.9500297460206649 0.4994435272655139 0.6043537734120086 0.5150480650640523 0.6218435039538435 0.9024853409235385
1 0.6583559738923748 0.5196498379688161 0.3633316843279108 0.5175434595948714 0.36073730418553607 0.8809184200635553 0.6557615937500001 0.8830247984374999
1 0.6568212234375002 0.3562833812500001 0.6546997849075323 0.3001978486757366 0.38050952553253226 0.3105691111757366 0.38263096406249997 0.36665464375000006
1 0.400453799834558 0.3664766065800189 0.3990521828125 0.31432331875 0.10944125329044199 0.32210659810748116 0.11084287031249998 0.37425988593750004
1 0.9501084468750001 0.34164412187500004 0.9474047951249769 0.2858263362549517 0.6395436562500001 0.3007382375 0.6422473080000232 0.3565560231200483
1 0.8903441140625 0.261758675 0.887948922524964 0.2083931422901642 0.7372496900364642 0.21515693734740146 0.7396448815740002 0.2685224700572373
1 0.7822679093749999 0.26751583125 0.7795025836347074 0.2161429843336357 0.6498252498910326 0.22312332687758096 0.652590575631325 0.27449617379394525
1 0.67596203125 0.272889175 0.6726253571332425 0.22190062950182296 0.5619458025890697 0.2291434641677971 0.5652824767058272 0.2801320096659741
1 0.57159919375 0.2794139515625 0.5692137564723316 0.22970511961495488 0.46523952678483155 0.2346946555524549 0.4676249640625 0.2844034875
1 0.4784009531340704 0.28446067709679573 0.4766924843749999 0.2337405171875 0.3644466281159295 0.2375214307157043 0.366155096875 0.28824159062500004
0 0.3928277181918033 0.2878453033727267 0.3920423781148687 0.23627051880892735 0.26519524898556535 0.23820204668620065 0.26598058906249994 0.28977683125
0 0.30689464006324424 0.28921805775236786 0.3057049625 0.237578621875 0.1648322974367558 0.24082406881013224 0.166021975 0.29246350468750004
1 0.22103672367463859 0.2917246175146339 0.21933055870333384 0.24245908747184958 0.06500487565369523 0.24780369808221567 0.066711040625 0.29706922812500003
0 0.9991578531249999 0.2550630984375001 0.9955529807504966 0.20044927853704833 0.8255799421875001 0.2116686203125 0.8291848145620033 0.2662824402129517
0 0.8228198078125001 0.1517475578125 0.8215056223856664 0.12224559411323932 0.7230137066620953 0.12663298478405416 0.7243278920889291 0.15613494848331483
1 0.7535936859374999 0.154810353125 0.7510822596204886 0.12577646878576504 0.6632864859375001 0.13337078906249997 0.6657979122545113 0.16240467340173495
1 0.6197773984374999 0.16483404375 0.617556971606029 0.13539951602538194 0.5484838906250001 0.140610121875 0.5507043174564711 0.17004464959961804
1 0.6859964140624999 0.160100634375 0.6841767251330956 0.13096285947020833 0.6054936374999998 0.13587671249999997 0.6073133264294042 0.16501448740479163
1 0.5535861921875 0.16975688125000002 0.5520980128104223 0.1403885844219064 0.48746690187292224 0.1436636359844064 0.48895508125 0.1730319328125
1 0.4937704237032105 0.17281954625207102 0.4923146741800606 0.14402300833319043 0.4233287754768501 0.1475104480186194 0.424784525 0.1763069859375
1 0.4376078355564775 0.1758883530759562 0.43660541718749996 0.14628567187500002 0.35976506756852245 0.1488876719240438 0.36076748593749997 0.17849035312500003
1 0.38077360744381833 0.1784670367226518 0.3799572453125 0.15065240781250003 0.29547353005618165 0.15313201327734827 0.2962898921875 0.18094664218750003