0 0.7706281754716212 0.5272375924355869 0.46204736250000006 0.52213190625 0.4561425885908791 0.8790085075644132 0.7647234015625002 0.88411419375
1 0.5012623743802618 0.5234907345715027 0.20067248573136717 0.5021175688152107 0.17662386406250005 0.8403347796874998 0.4772137527113946 0.8617079454437917
0 1 0.872596453125 0.8068309118023883 0.45291838610779694 0.5969232856977633 0.5495345019523581 0.7900923738953752 0.9692125689695612
1 0.28940183750000015 0.5082369328125 0.06858453531829714 0.433588719181415 -0.0387316474942029 0.7510413254314151 0.1820856546875001 0.8256895390625001
1 0.7868829104003062 0.36970478839232845 0.5232097890625 0.34858076250000014 0.5206335927246939 0.38073721473267186 0.7843067140625 0.40186124062500017
1 0.5361608201374429 0.3499611387249786 0.262246492456746 0.31957433275260544 0.25791219062500004 0.358644821875 0.5318265183056969 0.38903162784737316
1 0.27836792656250003 0.3214889921875 0.0019707692791606337 0.2904140383076207 -0.002769301725687917 0.3325747493460246 0.2736278555576515 0.36364970322590395
1 1 0.3396753906250002 0.8848762433674651 0.26867909731946604 0.8631450291916611 0.3039172611111768 0.9782687858241962 0.3749135544167109
1 0.950052220654045 0.31222996486490795 0.7863766015625002 0.28984697656250014 0.7802020950703676 0.334998060011703 0.9438777141619126 0.3573810483141109
1 0.8541114068044516 0.29658887692672226 0.7018963843750001 0.2842325062500001 0.6980955440596582 0.3310541020880426 0.8503105664891099 0.3434104727647647
1 0.7575075092098159 0.2902154320385821 0.62254814375 0.27721442031250004 0.6182567782901841 0.321761719523918 0.75321614375 0.33476273125000006
1 0.6583657544128105 0.28228631550465194 0.5385161406250001 0.2697849937500001 0.5338463980428673 0.31455360749669065 0.6536960118306776 0.3270549292513425
1 0.561950386669738 0.2723503348365825 0.4556837171875 0.26154156406250006 0.45121872895526216 0.3054391948509176 0.5574853984375001 0.316247965625
1 0.4631893206080246 0.26130490883071855 0.36169587545293486 0.2499426426856654 0.3566220390625 0.29526468750000007 0.45811548421758974 0.3066269536450532
1 0.371586675 0.2521740296875 0.25929047943144934 0.2364131582472453 0.2531342015625001 0.2802766328125001 0.36543039713105074 0.2960375042527549
1 0.28369578281249996 0.23905948124999998 0.15355770826049814 0.22323556364585814 0.14817065897531828 0.26753939781815844 0.2783087335273201 0.28336331542230025
1 0.10664938125000004 0.21657739843749996 0.001774350622913226 0.20403240844409698 -0.003719634419941037 0.2499616479203417 0.10115539620714575 0.2625066379137447
1 0.16060637968750005 0.14613353906250004 0.055993934520107445 0.13136274712757323 0.05290315156250001 0.1532528640625 0.1575155967298926 0.1680236559974268
1 0.21898953749999994 0.15325286406250002 0.12491889660980666 0.14238549716960852 0.12266786406250003 0.161870996875 0.21673850495269337 0.1727383637678915
1 0.27884808437499997 0.16037219062500002 0.19185198338119974 0.14995185360882807 0.18938876137340535 0.17051651579083452 0.27638486236720555 0.18093685280700647
1 0.33891739843750013 0.16861562187500007 0.26194757147406567 0.1569700672041745 0.25882497812500005 0.17760845468750003 0.3357948050884345 0.18925400935832562
1 0.396246709375 0.17498554375000003 0.32675902512925836 0.16678035750656336 0.3243743015624999 0.18697598906250004 0.3938619858082416 0.1951811753059367
1 0.4572190917404487 0.17944506872835964 0.39262708528235896 0.17434150205470367 0.39067017166691026 0.1991086864513441 0.455262178125 0.20421225312500005
1 0.5210742444337223 0.18429998200731396 0.4527938544109545 0.17906256766358572 0.4506341849772323 0.20721826846877184 0.518914575 0.21245568281250007
1 0.5846390200250495 0.19802439768641059 0.5075330203124999 0.18660128750000007 0.5040611230687413 0.21003659570509253 0.5811671227812909 0.22145970589150304
1 0.6435665004802089 0.20001954366583555 0.5635977140625 0.19559412031250006 0.5622459620197912 0.22002070320916461 0.6422147484375 0.2244461265625001
0 0.7074445990224756 0.20880067212027448 0.6188193296875002 0.20121464218750007 0.6170311056650247 0.2221059169422257 0.7056563750000001 0.22969194687500014
1 0.9579474984375 0.2615415640625002 0.8472979474896023 0.21019683894026028 0.8392115107345912 0.2276233728944365 0.949861061682489 0.2789680980166763
1 1 0.25929335624999983 0.9083306114535862 0.2131406950491303 0.8982997218750001 0.23306425937499986 0.9899691104214139 0.2792169205758694