1 0.6725877000063354 0.39129608333976806 0.554617483154285 0.38541650464047295 0.5327644062500002 0.8238853734375 0.6507346231020505 0.8297649521367951
1 0.68675202330234 0.04713360177993994 0.5821783460296794 0.04232242954150932 0.5641238305398396 0.43474801369906946 0.6686975078125 0.4395591859375001
1 0.7990688625000002 0.6931592015625001 0.6958680799873569 0.6926792183741687 0.6950179921875 0.8754558828125003 0.7982187747001432 0.8759358660008315
0 0.7971832707398665 0.7102025047661684 0.7964308475559169 0.5548649329951397 0.6990204565035504 0.5553367688539713 0.6997728796875 0.710674340625
0 0.8036671567075274 0.42272487484110277 0.7106110390625 0.4185669890625001 0.7034699104799728 0.5783899704713974 0.7965260281250001 0.58254785625
0 0.925466169753584 0.44828142555590994 0.8857997220501599 0.4480391275091661 0.8851830460465762 0.5489947347657563 0.9248494937500003 0.5492370328125002
1 0.8209821567786134 0.3072304043023455 0.7175971125 0.29413726093750003 0.6961156072838867 0.46375782538515475 0.7995006515624999 0.4768509687500001
1 0.9252839390624998 0.6147614187499999 0.9219415439968263 0.5223123099868939 0.884909908080638 0.5236511477411577 0.8882523031463115 0.6161002565042638
1 0.9293794082036235 0.6896656898317752 0.9257407868649405 0.6010616893887291 0.886889233348817 0.6026571714319537 0.8905278546875 0.691261171875
1 0.932186300768457 0.7758475559047694 0.9295171359375001 0.6803467703125001 0.8908858486554093 0.6814264815708786 0.8935550134863662 0.7769272671631479
1 0.9364637553273052 0.8664270650708696 0.9339729624999998 0.7511755765625 0.8927046946726949 0.7520674583666305 0.8951954875000002 0.867318946875
1 0.9372316625 0.8259041296875003 0.8953544405428815 0.8256889903666009 0.8946586973107378 0.9611165525427972 0.9365359192678563 0.9613316918636965
1 0.7978816565639077 0.9992387035106299 0.7955005421874999 0.8188426140624999 0.6920254820526174 0.820208419463496 0.6944065964290252 1.000604508911626
1 0.22780719393346768 0.04839690018482946 1.0408340855860842e-18 0.011152089062499999 -0.06372367674596766 0.4009167716901705 0.16408351718750006 0.43816158281249995
1 0.15694444218750006 0.3829627625 4.6899412128825305e-17 0.3829627625 7.196206930217177e-17 0.792267015625 0.1569444421875001 0.792267015625