0 0.8890217414507301 0.531882187606575 0.88411419375 0.23527659843749996 0.5172243585492697 0.24134704833092488 0.52213190625 0.5379526374999999
1 0.8552974859375002 0.5223304375000002 0.5185247190526853 0.5055920087164265 0.5035620128026852 0.8066377071539266 0.8403347796875001 0.8233761359375003
0 0.9496521531362104 0.227925301387761 0.872596453125 4.4408920985006264e-17 0.4565938328012896 0.14063981892473917 0.5336495328125 0.3685651203125001
1 0.8256895390625003 0.8179143453125002 0.5082369328125 0.7105981625000002 0.43358871918141517 0.9314154646817032 0.7510413254314153 1.0387316474942032
1 0.40186124062500006 0.21569328593750003 0.3700651807466214 0.21275978390468336 0.34573001912963897 0.4765272015739507 0.3775260790080176 0.47946070360676735
1 0.3819939437500001 0.46739275312500006 0.34326014554769607 0.4641003743423104 0.319911023672696 0.7387954305923102 0.35864482187500013 0.7420878093749999
1 0.3640875318732948 0.7305067693653247 0.32148899218750004 0.7216320734375 0.2653445681267053 0.9911253040721754 0.3079431078125 1
1 0.3753590637991854 0.024227440895809728 0.33967539062499996 -2.2204460492503132e-17 0.2646904330758145 0.11044248254169027 0.30037410624999994 0.1346699234375
1 0.3544133734375 0.05571645000000004 0.30687994651196393 0.05074563379202961 0.28984697656249997 0.21362339843750006 0.33738040348803605 0.21859421464547046
1 0.343184434375 0.14967108437500007 0.2962288243993246 0.14596849143877397 0.28423250625 0.29810361562500004 0.33118811622567546 0.3018062085612262
1 0.33476273125000006 0.24678385625000004 0.2911400596216956 0.24189872745995658 0.27597554265345864 0.3773131192883785 0.31959821428176316 0.38219824807842195
1 0.32599020156250014 0.3461929281250001 0.2809165156418767 0.34199392408054585 0.2697849937500001 0.4614838593750001 0.31485867967062353 0.4656828634194543
1 0.316247965625 0.44251460156250005 0.27255197031785156 0.4377316473400284 0.2608930097237222 0.5442452921944501 0.3045890050308707 0.5490282464169217
1 0.30575632656250007 0.5417870484375 0.26047901563512815 0.5371111065419041 0.24998737657262815 0.638702019041904 0.2952646875000001 0.6433779609375
1 0.2959785728162826 0.6345365410159297 0.25212512496314987 0.6284064888553902 0.23642318495936737 0.7407357462769605 0.28027663281250004 0.7468657984375
1 0.28336381402451166 0.7216924481089629 0.23905948125000007 0.7163042171875 0.2232324531629885 0.8464407925160371 0.2675367859375001 0.8518290234375
1 0.26174559115678314 0.9715453156170207 0.21657739843750007 0.8933506187500002 0.16841159478071707 0.9211729953204795 0.21357978750000015 0.9993676921875
1 0.16508944247152 0.8415188068923122 0.14445664487166784 0.8392056201442557 0.13262006646264793 0.9447836616894436 0.15325286406250008 0.9470968484375002
1 0.17218219100181073 0.7830813629127731 0.1528996824994282 0.7809718238390959 0.14258848837261753 0.8752225968638229 0.16187099687500006 0.8773321359375
1 0.18111442103613323 0.723874997643864 0.1603721906250001 0.7211519156249999 0.14899749615136693 0.807795113293636 0.16973972656250008 0.8105181953124999
1 0.18819510516052324 0.6637601376468445 0.16776679879327835 0.6609665231963149 0.15718014832025515 0.7383814074244703 0.17760845468750003 0.741175021875
1 0.19488364307844167 0.6060136357281338 0.17473262350713367 0.6037245598893147 0.16682496949119208 0.6733366225986808 0.18697598906250007 0.6756256984375
1 0.20421225312500013 0.5447378218750001 0.17990722792787228 0.5413377741991507 0.17091439355287227 0.6056224804491507 0.1952194187500001 0.609022528125
1 0.21245568281250007 0.481085425 0.18508383322483662 0.4777349906896274 0.1766212789776395 0.5468710311320841 0.20399312856530288 0.5502214654424568
1 0.21770150156250007 0.4182761062500001 0.1933195880584645 0.4161302834519433 0.1866012875000001 0.49246697968750014 0.21098320100403564 0.4946128024855569
1 0.22444612656250004 0.3577852515625 0.20102886072827714 0.35563933963008204 0.19364427789545086 0.4362236062342971 0.21706154372967376 0.438369518166715
0 0.22969194687500005 0.29434362500000005 0.20907707504611972 0.29240838171006855 0.20074759680742477 0.3811368259245559 0.2213624686363051 0.38307206921448733
1 0.2615415640625 0.04205250156250003 0.24031460494857132 0.03938424208433079 0.22519552968750003 0.15966189687500004 0.24642248880142872 0.1623301563531693
1 0.27680955262350165 0.008194711556514156 0.2578791477591035 -0.0006616179915179043 0.21413385451060182 0.09284394857696796 0.233064259375 0.10170027812500002