1 0.5017151024301605 0.9466008664779159 0.48329553281249993 0.604428546875 0.09469962725733946 0.6253471569595842 0.11311919687500001 0.9675194765625001
1 0.4824565404051288 0.36333168432791074 0.11908157993644482 0.360737304185536 0.1169752015625001 0.65576159375 0.4803501620311841 0.6583559738923748
1 0.7000085271703357 0.6537163226912006 0.6848993903767387 0.3797873909180331 0.6286074819564029 0.3828922916643324 0.6437166187499999 0.6568212234374999
1 0.68567668125 0.39905218281249993 0.6767398476947678 0.10927004688989092 0.6246610825001581 0.11087614746894989 0.6335979160553902 0.4006582833915589
1 0.7134804968865607 0.9475638006020104 0.6992617625 0.63954365625 0.6434702954898317 0.642119085373712 0.6576890298763922 0.9501392297257224
1 0.7925758537770444 0.8869766765879987 0.7833006625000001 0.7373189171875001 0.7289661337229557 0.7406863546620015 0.738241325 0.8903441140625
1 0.7839691489535886 0.7793472540079504 0.7766223625 0.6498389390625 0.7251373822964114 0.6527595944295498 0.73248416875 0.782267909375
1 0.7781803092969927 0.6724016316351424 0.7704813968750001 0.5619703515625 0.7194119125780074 0.5655307511773577 0.727110825 0.67596203125
1 0.7688144723421624 0.5700743569277581 0.765525421969107 0.46604636303246466 0.7155965125 0.4676249640625 0.7188855628730553 0.5716529579577934
1 0.7662594828125 0.476692484375 0.7616526651219192 0.3641133880015272 0.7110175511527014 0.3661854133269404 0.7156243688432822 0.47876450970041323
0 0.762421378125 0.2659805890625001 0.71022316875 0.2659805890625001 0.71022316875 0.3920622968750001 0.762421378125 0.3920622968750001
0 0.7624213781250001 0.3057049625 0.752979528827749 0.163014992284859 0.7032438539253721 0.1663060207041465 0.7126857032226233 0.3089959909192875
1 0.7570480328125 0.21934762812499997 0.752654317621041 0.06529290109414462 0.702930771875 0.066711040625 0.7073244870664589 0.22076576765585534
0 0.796991589785224 0.9965206549449503 0.7883313796875 0.8255799421875001 0.7345996796155984 0.8283021012567138 0.7432598897133224 0.999242814014164
0 0.8794470503857337 0.8201307883071779 0.8710841859375001 0.7231153968749999 0.8398895777392663 0.7258044163803221 0.8482524421875001 0.8228198078125001
1 0.8724481376276199 0.7518017329724915 0.8666292109375 0.6632864859375001 0.8379734003049963 0.6651702976750482 0.8437923269951163 0.7536855447100398
1 0.8634471692985743 0.6181298496392051 0.8593898781249999 0.5484838906249999 0.8299711037704347 0.5501977091324285 0.834028394944009 0.6198436681466336
1 0.8679366931735283 0.6846456241651286 0.8641232875000002 0.6054936375 0.8351336423312128 0.6068903084114697 0.838947048004741 0.6860422950765984
1 0.8596286494748707 0.5517407240468605 0.8555727704048749 0.4871586505864068 0.8261872396800044 0.4890041187270464 0.83024311875 0.5535861921875
1 0.8556247765625 0.4923324796875 0.8525827925220912 0.4235076280233974 0.8236930140624998 0.4247845250000001 0.8267349981029086 0.4936093766641026
1 0.8537143281250001 0.43660541718749996 0.847729186650278 0.3587518098459768 0.8187524737742564 0.36097944876930377 0.8247376152489785 0.438833056110827
1 0.8493475921875 0.3799572453125 0.8455872215670889 0.2951138761628097 0.8180807662967136 0.2963329987331061 0.8218411369171246 0.38117636788279635