1 0.665222663945516 0.46976652093056065 0.6447068097418954 0.09275306393866428 0.3360267984375 0.10955043281250001 0.35654265264112045 0.48656388980439635
1 0.9571379453125 0.09863200312500012 0.5861114532946079 0.09759871544391205 0.5850286598287221 0.48640143571292843 0.9560551518466142 0.4874347233940165
0 0.41328500312500005 0.48009075156250003 0.33849057064466137 0.060096084389658314 0.04818431250000001 0.11179505468749999 0.12297874498033867 0.5317897218603417
1 0.927673309375 0.6469187750000001 0.6247753223850672 0.633089814886332 0.6222624015625 0.6881307328125 0.9251603885524329 0.7019596929261682
1 0.6463584828125001 0.6314033765625001 0.3611875468750001 0.62737760625 0.36036118773797865 0.6859138838397079 0.6455321236754786 0.6899396541522079
1 0.3867238546874999 0.6868505374999999 0.38629888948754193 0.6276394106229481 0.08899515143206163 0.6297731944091164 0.08942011663201963 0.6889843212861682
0 0.979218921875 0.7277889390625001 0.8108004062728525 0.7237428495200617 0.8095534984375001 0.7756454 0.9779720140396476 0.7796914895424385
1 0.8698131250000001 0.7255936890625001 0.7221382086763025 0.7219891130906919 0.7208928203125 0.7730110984375 0.8685677366361976 0.7766156744093082
1 0.7631239515625 0.7233984375 0.6351278666491453 0.719105068736407 0.6334480949151222 0.7691832747657348 0.7614441798284768 0.7734766435293279
1 0.656928709375 0.7203250875000001 0.5491378774585137 0.7152335195803792 0.5467820156250001 0.7651081968750001 0.6545728475414864 0.770199764794621
1 0.5544379515625001 0.7159345874999999 0.4536759546875002 0.7133002859375 0.45237505391465005 0.7630597217874392 0.5531370507896499 0.7656940233499392
1 0.4620727875000001 0.7141783859374999 0.3509382312500001 0.7141783859374999 0.3509382312500001 0.762034846875 0.4620727875000002 0.762034846875
0 0.37785749062499996 0.761156746875 0.3752491964686587 0.7087789464211045 0.24918837187499995 0.7150564859374999 0.2517966660313412 0.7674342863913954
0 0.2891968109375001 0.7146174359375 0.14941423593750008 0.7146174359375 0.14941423593750008 0.765108196875 0.2891968109375001 0.765108196875
0 0.306978340625 0.8441372140625001 0.3055371328722333 0.8207085855684205 0.21626945318307325 0.826199870389981 0.21771066093584004 0.8496284988840606
1 0.2079239208545484 0.7148839059477747 0.05236070566762069 0.7141784039974965 0.05213492231307236 0.7639636449247218 0.20769813750000007 0.764669146875
1 0.36281847343750007 0.8228353328125 0.2810643609375001 0.8228353328125 0.2810643609375001 0.8438326281249999 0.36281847343750007 0.8438326281249999
1 0.42137105334684266 0.823125114648497 0.3450637234375 0.8227011859374999 0.34493663415315745 0.8455773056640028 0.4212439640625001 0.846001234375
1 0.4787639337742058 0.8245865471572549 0.4099807562500001 0.8234293109375 0.4095959662257944 0.8463002512802454 0.4783791437500001 0.8474574875000002
1 0.5387908937500001 0.8245215015625 0.4740786468750001 0.8245215015625 0.4740786468750001 0.8507340578125 0.5387908937500001 0.8507340578125
1 0.6059605687500002 0.82706994375 0.5347988225812869 0.8251296106410075 0.534080825 0.8514621828125002 0.6052425711687133 0.8534025159214925
1 0.6710823875 0.8296183875 0.5918424001652249 0.826968774534504 0.5909910555056677 0.8524293006261787 0.6702310428404428 0.8550789135916748
1 0.73743291875 0.8336230828125002 0.6522073762640724 0.8281135526897068 0.6506038281250002 0.8529184375000002 0.7358293706109278 0.8584279676227935
0 0.8058313062500002 0.8350793359375002 0.7095097458667544 0.8320123807308122 0.7087335530256548 0.8563896867475362 0.8050551134089006 0.8594566419542243