1 0.8114124685870306 0.4061272691059303 0.3810657977447425 0.3813154374074541 0.37460076197021164 0.49344769173902386 0.8049474328124997 0.5182595234375001
1 0.4296898546875 0.3844468359375 0.02894204094651447 0.34805714101860985 0.01974190462991001 0.4493752345947219 0.42048971837089555 0.48576492951361205
1 0.9999999999999998 0.34673795625000003 0.9890438725090013 0.23813889533289476 0.7964301953125 0.25757092343750004 0.8073863228034985 0.36616998435460535
1 0.854652858510401 0.2569313672463528 0.6763731340923338 0.2567826095194815 0.6762858755819325 0.36135817352312877 0.8545655999999997 0.36150693125000005
0 0.6976666358204315 0.25792290654662675 0.5437657965240043 0.25243934923597117 0.5404255247660725 0.3461870020643444 0.6943263640624999 0.351670559375
0 0.570326678125 0.25291060000000004 0.41397988460365936 0.23952470928924327 0.4057696953125001 0.33541946875000006 0.5621164888338408 0.34880535946075686
1 0.460382659375 0.24657604375000003 0.28108221428143976 0.236819364596993 0.27612889692228454 0.32784746885852006 0.45542934201584473 0.3376041480115271
0 0.36179850156250004 0.24187286093750004 0.15555649518610024 0.2377806846484956 0.15382220016149048 0.32518759487502036 0.36006420653789023 0.32927977116402485
0 0.47388706875000003 0.12594980156250007 0.3652645993482528 0.11845565981275363 0.36241989843750005 0.15968765781250008 0.47104236783924736 0.16718179956224652
0 0.533581375 0.13024827031250005 0.43909306582457586 0.1214713246331702 0.43521532343749997 0.16321720468750006 0.5297036326129241 0.1719941503668299
1 0.5994750421874999 0.12881530781250003 0.5103857341684288 0.1271601264434287 0.5096858498692337 0.16483104823714304 0.5987751578883049 0.16648622960621437
1 0.672137084375 0.16580782656249998 0.6718735894177417 0.12786984161596332 0.5876340831677418 0.1284549197409633 0.587897578125 0.16639290468749998
1 0.7570061828125 0.1659390390625 0.7567435372663043 0.12674264609871494 0.6631930597969007 0.12736950521492293 0.6634557053430965 0.166565898178708
1 0.8459326343750002 0.166978765625 0.8458696538190237 0.1249856195405443 0.7345522341223153 0.12515257137997682 0.7346152146782917 0.16714571746443252
1 0.9378487574007511 0.12842805989975087 0.8071446265625 0.12503631093750006 0.8060800902283548 0.16605918670123151 0.936784221066606 0.16945093566348232
1 1.000496687686903 0.12849091337476187 0.8801475812499999 0.12562217187500008 0.8791860178324098 0.1659615674249324 0.9995351242693129 0.16883030892469417
1 0.42264953906250013 0.8244102734375 0.013479068750000111 0.8244102734375 0.013479068750000123 1 0.42264953906250013 1