0 0.5119471250000001 0.547631421875 0.4803374667114498 0.24489873946316826 0.20435302812499997 0.27371549531250006 0.23596268641355017 0.5764481777243319
0 0.3308333796875 0.5531197171875 0.20061108281250006 0.2683935734375 -0.004789021783235125 0.36233532759656767 0.12543327509176483 0.6470614713465677
1 0.7802801367880697 0.5341157339889049 0.7656560031249999 0.23180493750000006 0.4815815386189762 0.24554689771925245 0.49620567228204593 0.5478576942081574
1 0.9976612609374997 0.3156261640625001 0.7641592125000001 0.22914397656250013 0.655031323453532 0.5237894564078209 0.8885333718910318 0.610271643907821
0 0.9537220929756849 0.7905379889538617 0.9531103703125 0.7451857531249999 0.8040149429618151 0.7471967907336381 0.804626665625 0.7925490265624999
1 0.845872797548795 0.7930645818048898 0.8458326828124999 0.74771184375 0.714714816513705 0.7478278181951102 0.7147549312500001 0.7931805562500001
1 0.9477078683028235 0.8624411878403088 0.9470744031060985 0.8421307723371436 0.8417801848032747 0.8454148126218349 0.8424136499999998 0.8657252281250001
1 0.8795654687641831 0.8659789634150542 0.879356965625 0.8448854062500001 0.7852360640483167 0.8458157615849456 0.7854445671874999 0.8669093187499998
1 0.8120313768944248 0.8649824772718582 0.8111092036872203 0.8465160592132642 0.7203600096052953 0.8510478788164061 0.7212821828124998 0.869514296875
1 0.7422569586583458 0.8700045442989545 0.74152995625 0.8499374796874999 0.6591901975916541 0.8529205369510457 0.6599172 0.8729876015625002
1 0.6761686984375002 0.8530950453124999 0.6066779656250001 0.8530950453124999 0.6066779656250001 0.8726718359375001 0.6761686984375002 0.8726718359375001
1 0.7429553839454803 0.7932703434238033 0.741864193514654 0.7506008461639093 0.6249909111316738 0.7535896558651058 0.6260821015625 0.796259153125
1 0.9989967025283434 0.7060353496132882 0.997625426841857 0.668219913692769 0.7103642180635135 0.6786366734544809 0.71173549375 0.716452109375
1 0.6126784997369774 0.8716794565164472 0.6113466605954926 0.8503534021595465 0.547222296875 0.8543580500000001 0.5485541360164847 0.8756841043569008
1 0.7298881944540792 0.7171292175002348 0.7290099375 0.679635553125 0.4558945401011104 0.686033047235768 0.45677279705518953 0.7235267116110029
1 0.636604519872183 0.7954026504295095 0.63567315 0.7533164781249999 0.5354651203975374 0.7555340886752602 0.5363964902697204 0.7976202609797698
1 0.5408282453125001 0.7981536625000001 0.5392985351724331 0.7563350907614007 0.434566485863131 0.7601661560311539 0.436096196003198 0.8019847277697533
1 0.549531265625 0.8755925781249999 0.5489512327923894 0.8536807813282634 0.48429139135337296 0.8553924086920042 0.48487142418598356 0.8773042054887407
1 0.4914076984375 0.8764609046875 0.49090950542104334 0.8561520409586627 0.41925843972509114 0.8579097001279798 0.4197566327415478 0.8782185638568171
1 0.45526363124999997 0.8017848734375 0.452155863193354 0.7590374887795667 0.33866126249999995 0.767288634375 0.341769030556646 0.8100360190329333
1 0.37347322812500006 0.80707374375 0.36971046365858967 0.761434183729712 0.2374223640625 0.7723407078125001 0.24118512852891033 0.817980267832788
1 0.2903507515625 0.8127573203124999 0.2869977699377733 0.768097728781466 0.13795958125 0.7792873140624998 0.14131256287472665 0.823946905593534
1 0.205452159375 0.8186777468750002 0.20377579162501203 0.7751133718076688 0.03991767812500001 0.7814186718750001 0.04159404587498798 0.8249830469423314
1 0.1236173968750001 0.8226246968750001 0.01776573836745645 0.7719568116060302 0.0008430109375001215 0.8073105421874999 0.10669466944504377 0.8579784274564698
0 0.4357262984374999 0.87819755625 0.4352729404709582 0.8589363428477987 0.3569890042115849 0.860778939438903 0.3574423621781266 0.8800401528411042
0 0.37809116406250004 0.8799342078124999 0.37698812148818706 0.8607431725218554 0.2916828531250001 0.8656462609375002 0.2927858956993131 0.8848372962281447