1 0.5111439436441731 0.689527349765994 0.4756508817703781 0.40995749526021585 0.22829168343870493 0.441361222056722 0.26378474531249996 0.7209310765625001
1 0.5397187302150737 0.9691990728729685 0.501527015625 0.6319540796875 0.25697444457477536 0.6596487295252883 0.295166159164849 0.9968937227107568
0 0.48144318124999996 0.461405659375 0.4494026599234925 0.131746290625884 0.1899933359375 0.1569590125 0.22203385726400757 0.486618381249116
1 0.7065745109374999 0.08469177031249998 0.6955656285840148 -0.0005546464367426007 0.6795419144184511 0.0015146861034562975 0.6905507967719362 0.08676110285269888
1 0.6564555125 0.1409062578125 0.6396598871877568 -0.0016548077316620336 0.60489468495418 0.002441004181574824 0.6216903102664232 0.14500206972573687
1 0.6658538828124999 0.22796532187500002 0.6467269217164614 0.06935940876727463 0.6127688687499998 0.07345455468750003 0.6318958298460383 0.23206046779522543
1 0.6739972859375 0.312599175 0.660091000797495 0.17733495989095316 0.6268275828125001 0.180754715625 0.6407338679525051 0.31601893073404685
1 0.6853592812499999 0.39689326875 0.6685911921306061 0.2753992019136683 0.636655852162443 0.27980678032954004 0.6534239412818368 0.4013008471658718
1 0.695490028125 0.4791083625 0.6833699770815815 0.376898045648128 0.6482112075509993 0.3810671559146778 0.6603312585944179 0.48327747276654975
1 0.7042768618371522 0.568761533969788 0.6933943145373147 0.4721468006452464 0.6597595468749999 0.4759353734374999 0.6706420941748374 0.5725501067620415
1 0.7190671852197331 0.6661954992043178 0.7030380765625 0.5619393890625001 0.6716536538427669 0.5667646632956824 0.6876827625 0.6710207734375
1 0.7330865243004445 0.7641742151014771 0.7150557312500001 0.6456903453125 0.6846609085120556 0.650315808336023 0.7026917015625 0.768799678125
1 0.7720255290683082 0.609263833744581 0.7642402374999999 0.540433278125 0.7415902131191917 0.5429951787554189 0.7493755046875 0.611825734375
1 0.7797569464722073 0.6697668242791424 0.769838278125 0.5960562125 0.7473538060557934 0.5990817744378757 0.7572724744030006 0.672792386217018
1 0.7633254119989363 0.5440879544175066 0.7583778991786381 0.4819386605234965 0.7393585203124998 0.483452734375 0.7443060331327981 0.5456020282690102
1 0.7590055859375 0.4854945625 0.7506325844109425 0.4186597992636827 0.7314813078125001 0.42105905468750005 0.7398543093390575 0.48789381792381736
1 0.7506130640625 0.4295410656249999 0.7444937264992919 0.3570807184804511 0.72637904375 0.35861051875000005 0.732498381313208 0.43107086589454874
0 0.7452007968750001 0.37648224374999995 0.7368880546242536 0.2938375496799866 0.7192642578124999 0.29561022343749993 0.7275770000632464 0.3782549175075133
0 0.7393328781249999 0.32045355000000003 0.7276413476162144 0.22585213447421865 0.7084773218749999 0.22822056406250005 0.7201688523837855 0.3228219795882814
1 0.7893823967093784 0.7328702630107542 0.7761153171874999 0.6550016375000001 0.7579512965098812 0.6580963820801997 0.7712183760317596 0.7359650075909541
1 0.6910441682405706 0.9341875885990346 0.653840421875 0.6465360625 0.6195819490556713 0.6509669221270171 0.6567856954212419 0.9386184482260518