0 0.7956469718749999 0.7262845046875 0.7744178023552053 0.43172967185137745 0.4880528749999999 0.4523685781250001 0.5092820445197945 0.7469234109611227
0 0.9984644656249998 0.6238362687500001 0.8497472690765591 0.34912239557856806 0.6506717206390591 0.4568925533910681 0.7993889171874999 0.7316064265625001
1 0.5179890656249999 0.7455766125000001 0.4941665472257969 0.44683200934902967 0.21052147847579702 0.4694504593490296 0.23434399687499993 0.7681950625
1 0.31068120000000016 0.46351148593750013 0.07036955745268611 0.40499402340803003 -0.004470855047313949 0.7123385609080299 0.2358407875000001 0.7708560234375
0 0.19617069122573602 0.2521514027137733 0.19536652566749654 0.20706927213532741 0.04608546412926053 0.20973211629655414 0.046889629687500003 0.254814246875
1 0.2865026756235033 0.24827344470082924 0.2851653949130488 0.20419318638585957 0.15283003647704557 0.2082078979350303 0.1541673171875 0.25228815625
1 0.1578302369215475 0.15531924681785741 0.15758635 0.13427477187499998 0.05264011151595248 0.13549100630714256 0.05288399843749999 0.15653548125
1 0.21524427226764775 0.15159250500788257 0.21449859500118446 0.13156405097369298 0.11989735710853666 0.13508613971581038 0.12064303437499999 0.15511459374999997
1 0.27940925414838425 0.14925174791731216 0.2787178171875 0.13048570312500002 0.18815464585161573 0.13382251302018783 0.1888460828125 0.1525885578125
1 0.34100372118706945 0.14607536474814842 0.3400472765987107 0.1262770679754308 0.25751359916164135 0.1302642235397824 0.25847004375000004 0.1500625203125
1 0.393322034375 0.12732816406250005 0.3238313015625 0.12732816406250005 0.3238313015625 0.14690495468750003 0.393322034375 0.14690495468750003
1 0.37468057425479584 0.24649884214297352 0.3739178984375 0.20374084687500002 0.2573521319952042 0.2058200344195266 0.2581148078125 0.24857802968750006
1 0.2885357102744537 0.321940105797524 0.28826450625000005 0.2835478906250001 0.0017093232614141557 0.2855721270100411 0.0019805272858677767 0.32396434218256503
1 0.4527777031250001 0.14564195000000002 0.45235965977683723 0.12436068241878089 0.38806407696433715 0.12562368710628088 0.3884821203125 0.14690495468750003
1 0.5440279140625001 0.31065644375 0.5427032583682713 0.27340046637182247 0.26966540680577117 0.28310846949682245 0.2709900625 0.32036444687500004
1 0.46450010312500006 0.24289445312500005 0.46291515822369406 0.20099257768721518 0.36274190509869403 0.2047816464372152 0.36432685 0.24668352187500003
1 0.5653837671875 0.2384738828125 0.563288418631032 0.1966323612115857 0.45917175468749993 0.2018463375 0.461267103243968 0.24368785910091434
1 0.5156524046875 0.14248438437500002 0.5143310882035721 0.12055883502854284 0.45046873437499996 0.12440742187500001 0.4517900508589278 0.1463329712214572
1 0.5807028171875 0.1405109359375 0.5796978452256213 0.12004712260219827 0.5085923015625 0.1235390953125 0.5095972735243788 0.1440029086478017
1 0.6613387375 0.23271136562500003 0.6588386502176531 0.19036604513757943 0.5446709185126679 0.19710656075546956 0.5471710057950149 0.23945188124289016
1 0.7625776359375 0.22765929218749995 0.7603919510393131 0.1835528211463126 0.62639133534697 0.19019318740442942 0.6285770202451569 0.23429965844561673
1 0.86204041875 0.22071268593749999 0.8589312855528283 0.1763545414004723 0.7096196245398231 0.18682003419386178 0.7127287577369948 0.23117817873088944
1 0.9600823218750001 0.21858132812500003 0.9586955155622243 0.1755208666997546 0.7945312767831447 0.18080794433746386 0.7959180830959205 0.22386840576270925
1 0.9991569890624998 0.19268945781250016 0.8927730379795704 0.14257875808803053 0.8761331930950945 0.17790479532061804 0.9825171441780236 0.22801549504508767
0 0.6429558875000001 0.13687974843750003 0.6417317975765389 0.11702659431815232 0.5642737015625 0.12180244375000002 0.5654977914859611 0.14165559786934773
0 0.708317146875 0.13435373906250003 0.7075856322586065 0.11563131493158023 0.6218664318293883 0.11898049918149675 0.6225979464457818 0.13770292331241657