1 0.7975221080186289 0.6012885016875918 0.7911072578124999 0.4891008937499999 0.36312357435870024 0.5135728587958245 0.36953842456482916 0.6257604667334163
1 0.4174169296875 0.619561871875 0.41047941324371984 0.5165613869030856 0.0003234845018781518 0.5441871160531604 0.007261000945658319 0.6471876010250748
1 1.0009671281905965 0.7446265175044938 0.9999999999999998 0.6415495046874999 0.7852200495717258 0.643564694487411 0.7861871777623223 0.7466417073044049
1 0.8398180507333419 0.7482690966118044 0.8394592796875001 0.6469475734375 0.661963664891658 0.6475760705756957 0.6623224359375001 0.74889759375
0 0.6842114023955649 0.7489213450802026 0.681264853125 0.6523641562499999 0.528707928609492 0.6570195993101875 0.5316544778800568 0.7535767881403902
0 0.5579111015624999 0.7518307812499999 0.55754739974152 0.6579165763184489 0.3926930048445768 0.6585550084242657 0.39305670666555675 0.7524692133558167
0 0.347357415625 0.7554396234374999 0.3425931906605016 0.6688487503455086 0.1404966255555363 0.679968091984316 0.14526085052003473 0.7665589650763073
1 0.44731173281250003 0.7467583125 0.4383070926751048 0.6566235767053078 0.26306910625 0.6741302015625 0.2720737463873951 0.7642649373571923
0 0.44930043437500017 0.8370877562500001 0.34829922031250005 0.8370877562500001 0.34829922031250005 0.869142978125 0.44930043437500017 0.869142978125
0 0.5205620312500001 0.8759662406250002 0.5202969597926764 0.8370467042134898 0.421424021379467 0.8377201036496482 0.4216890928367906 0.8766396400611585
1 0.585794521875 0.8748381453125 0.5856121540408828 0.8377497444054642 0.4969725468749999 0.8381855953124999 0.4971549147091171 0.8752739962195358
1 0.6605954406250001 0.8389774875 0.5750723640625001 0.8380752375 0.5746589683961112 0.8772604624677796 0.6601820449586112 0.8781627124677795
1 0.7445030984375002 0.8395395890625 0.6501435536612258 0.8394273049911449 0.6500941413481319 0.8809516575872209 0.7444536861244064 0.8810639416585759
1 0.8303555515625003 0.8420359062500001 0.7218988791127651 0.8405200944490181 0.7213029302311799 0.8831603698479867 0.8297596026809149 0.8846761816489688
1 0.9203013796875001 0.8429151125000003 0.7930932058528761 0.8404309289552486 0.7922781156250001 0.8821694468750001 0.9194862894596241 0.8846536304197518
1 1.0003345325242345 0.882432395600928 0.999873784637159 0.8396642412846187 0.8674128877091872 0.841091262846698 0.8678736355962627 0.8838594171630072
1 0.4117515359375 2.5423113780324567e-17 0.0034394203125 4.212075076625515e-19 0.0034394203125000106 0.1682122015625 0.4117515359375 0.16821220156250002
1 0.7598815625 0.004744173437500092 0.36730937499999994 2.42861286636753e-17 0.3658639219623804 0.1196087513204108 0.7584361094623804 0.12435292475791086