1 0.667651059375 0.3906512000000001 0.6602740752468774 0.29728624330056463 0.23799542055937742 0.33065146986306454 0.24537240468750002 0.42401642656250005
1 1 0.32392074531250004 0.9835853911395462 0.23801167887156147 0.628551184375 0.3058479140625 0.6449657932354537 0.39175698050343855
1 0.24985339650623173 0.25734213374928167 0.2452071074682677 0.16087883104134587 0.031456417212035986 0.1711744301045642 0.03610270625 0.26763773281250003
1 0.365067567614238 0.25515525819136503 0.3624751166143883 0.16158400099224443 0.1952972646251503 0.16621576936337948 0.197889715625 0.2597870265625001
0 0.49697488125000006 0.24265821093750004 0.4907407107980057 0.15173394026679676 0.3450119654855057 0.1617257480792967 0.35124613593750004 0.25265001875000004
0 0.636681778125 0.234093803125 0.6290091394114822 0.1452378798768093 0.47609913906249995 0.15844153749999998 0.48377177777601776 0.24729746074819067
1 0.7711697390625 0.226243096875 0.7677990580643066 0.1454257494996891 0.5949704640044918 0.15263397987177219 0.5983411450026852 0.23345132724708306
0 0.8989004622936966 0.14890756641744296 0.6957324047443211 0.14630909346980747 0.6947220469616229 0.22530642470140044 0.8978901045109984 0.22790489764903596
1 0.1527074624245639 0.0689794495273277 0.1520211515625 0.036165203125 0.02213941101293612 0.0388816832851723 0.022825721875 0.07169592968749999
1 0.23188779146545935 0.0689479080825229 0.23160839218749998 0.029185953125000004 0.1114127929095406 0.030030543479977096 0.1116921921875 0.06979249843749999
1 0.30382483454717046 0.06766637002028912 0.30325613780192373 0.028159723885424332 0.19963307200475325 0.02965137417763521 0.20020176875 0.0691580203125
1 0.377220921875 0.03426177187500004 0.286213090625 0.034261771875000034 0.286213090625 0.06788906562500005 0.377220921875 0.06788906562500005
1 0.4539530140625 0.031723862500000054 0.3707968390625 0.03172386250000005 0.3707968390625 0.06725458906250006 0.4539530140625 0.06725458906250006
1 0.5328264671875 0.06344772500000001 0.531208268395669 0.029010436963439225 0.4464582515625001 0.03299281718750001 0.44807645035433097 0.06743010522406079
0 0.610272346875 0.05900638437500001 0.607370819742983 0.022936780551882564 0.5139111140625001 0.030454907812500005 0.5168126411945171 0.06652451163561746
0 0.6862906531249999 0.05837190781250001 0.6857805347038255 0.026664864387674063 0.583501460185648 0.028310380158833637 0.5840115786068224 0.06001742358365958
1 0.9999476609374998 0.8569430218750002 0.9206580052012783 0.6702247072653609 0.5874367020762783 0.8117266400778609 0.6667263578125 0.9984449546875002
1 0.6852386453125 0.9984449546875 0.6828584491025353 0.7971465894656957 0.265522953220573 0.8020812562946459 0.2679031494305376 1.00337962151645