1 0.6992256412029791 0.3386285452522479 0.6055065157149999 0.33208048408099666 0.5759835734375001 0.7546275953125001 0.6697026989254793 0.7611756564837513
1 0.7273895662889501 0.004649478063448853 0.6427314004495835 -0.0030218120276995887 0.6094939200981335 0.3637775255338517 0.6941520859375001 0.3714488156250001
1 0.8379899593750002 0.7547384062500001 0.7407231005350344 0.750920008452954 0.7323622671875001 0.96389729375 0.8296291260274659 0.9677156915470462
1 0.8379899593750002 0.6375130796875002 0.7442351443838724 0.6352530760784878 0.7402129734375001 0.8021102843750002 0.8339677884286278 0.8043702879840124
0 0.8410863559925191 0.5040662324800768 0.749162947309596 0.5029234392649037 0.74734998125 0.6487538640625001 0.8392733899329231 0.6498966572776732
0 0.8415584625000001 0.5239008609375 0.8386011952983792 0.3619904595281216 0.7512117991899891 0.3635866126636288 0.7541690663916103 0.5254970140730073
1 0.8598789342415409 0.23989815222170696 0.773756903125 0.22883026093750009 0.7525816298209593 0.3936003602782933 0.8387036609375003 0.4046682515625002
0 0.8534128651678913 0.10287009320748927 0.775421738795767 0.1018726045546072 0.7728454439403757 0.303306612909618 0.8508365703125002 0.3043041015625001
1 0.9638347968750003 0.8479788484375002 0.9315184333423184 0.8468999503927872 0.9271704229650688 0.9771364307383255 0.9594867864977505 0.9782153287830384
1 0.9708140468750003 0.7683916078125002 0.9342870637544678 0.7646229506652257 0.9216173691191255 0.8874215242691278 0.958144352239658 0.8911901814164024
1 0.9712629057368904 0.7992163734783814 0.9697857144998038 0.6965977600172155 0.9293647884504133 0.6971796177888339 0.9308419796874998 0.7997982312499998
1 0.965738228125 0.6227790781250002 0.932110934375 0.6227790781250002 0.932110934375 0.7137869093750002 0.965738228125 0.7137869093750002
1 0.9682761375 0.5460469859375002 0.9327454109375 0.5460469859375002 0.9327454109375 0.6292031609375002 0.9682761375 0.6292031609375002
1 0.9686038612938364 0.46777018837162443 0.9342543366425611 0.467130755594458 0.9326576581612247 0.5529023156603337 0.9670071828125 0.5535417484375003
0 0.9713100246336476 0.3902861592947627 0.9361035535492283 0.38963756561367713 0.9343386211030807 0.48544029225641455 0.9695450921875001 0.48608888593750005
0 0.9734776271047624 0.3143419882578042 0.9416280921875003 0.31370934687500013 0.939598988520238 0.415862019554696 0.9714485234375001 0.4164946609375001
1 0.25338040810846485 0.015536206183182197 0.05015261122593502 -0.012986766703263708 -0.0009372546950297877 0.3510314208635541 0.20229054218750003 0.37955439375
1 0.20285341053430436 0.31714155089746465 0.001555045312500039 0.31476135468750005 -0.0033796215164501172 0.7320968505694626 0.19791874370535417 0.7344770467794273