1 0.614231878125 0.43832752812500003 0.6064985447303985 0.3211247094995577 0.16838129316789863 0.3500327751245576 0.1761146265625 0.46723559375
1 0.9573457765625 0.4106099171875002 0.9503410060892475 0.30535454108315974 0.5604408140625 0.33130249218749996 0.5674455845357522 0.4365578682918404
1 0.30980198027148187 0.2994115367013398 0.3067430399050098 0.19767996960666362 0.12148517682102795 0.20325044071782378 0.1245441171875 0.30498200781249996
0 0.44469495468750014 0.29443022656250006 0.4410820461287875 0.19759645989294783 0.28571275081628744 0.20339335364294775 0.28932565937500004 0.3002271203125
0 0.5814330109375 0.28938896093750005 0.5774071993646047 0.19639209810695452 0.41744534016776014 0.2033168080850741 0.42147115174065536 0.29631367091561966
0 0.5519479140625001 0.11207886250000001 0.5506285079356104 0.07187327043386116 0.4507629671875 0.07515050625 0.4520823733143898 0.11535609831613887
1 0.7058627390625001 0.2824028875000001 0.7017509598895583 0.18455225284227414 0.5227949125925643 0.19207216061519392 0.5269066917655062 0.28992279527291986
1 0.477687690013106 0.07805845600317364 0.3852385812500001 0.07471606093750005 0.38389974349573625 0.11174769685368843 0.4763488522588422 0.11509009191936204
1 0.39893831061127094 0.07425921313505948 0.3103343101682247 0.07062059179637645 0.308738828125 0.10947214531250005 0.3973428285680462 0.11311076665118307
1 0.3196532296875 0.07048286406250001 0.22415244409523072 0.06781369923154297 0.2230727328368523 0.10644498651363363 0.31857351842912157 0.10911415134459068
1 0.24882442343750003 0.06602703750000002 0.13357293492913044 0.06353624467269484 0.13268105312500003 0.10480451250000003 0.2479325416333696 0.1072953053273052
1 0.17434523463050117 0.1046142351322433 0.17409545623139772 0.0626988504316082 0.038635036285051376 0.06350607401019959 0.03888481468415485 0.10542145871083472
1 0.18115738593749997 0.20449945781249998 0.053349818559089865 0.14506735208209137 3.3306690738754695e-17 0.25979508125 0.12780756737841012 0.31922718698040864
1 0.9888479109375 0.9999999999999997 0.9881990968086459 0.7848352058022079 0.5616882634133609 0.7861213188759006 0.562337077542215 1.0012861130736925
1 0.6170372375000002 0.8430555578125001 0.20773298437500007 0.8430555578125001 0.20773298437500007 1 0.6170372375000002 1