1 0.6340725109374998 0.4778279500000001 0.6275498860278953 0.36559904566783075 0.1949988719653954 0.3907384519178308 0.201521496875 0.5029673562500001
1 0.9931944999999999 0.4599993171875001 0.9879461588235113 0.3578879605896112 0.579654865625 0.37887340312499995 0.5849032068014888 0.4809847597228889
1 0.3338185327772247 0.340581512138286 0.33184770707914774 0.2439841458917204 0.15378936023942297 0.2476169775034344 0.1557601859375 0.34421434375
1 0.20876276093750007 0.24843327343750005 0.004801072220474857 0.23836178291675342 -0.0000685070971987778 0.3369775358609949 0.20389318161982645 0.3470490263817415
1 0.42692693255548164 0.11979309061722095 0.339985727655758 0.11577824515854403 0.33820708260027627 0.15429468266632312 0.4251482874999999 0.15830952812500004
1 0.3466654796875 0.11536767500000004 0.25291801476777465 0.11264476401516461 0.25174285625000004 0.15310445312500004 0.34549032116972533 0.15582736410983547
1 0.2773575390625 0.11024878281250002 0.16744097205502956 0.10210681532166888 0.163896325 0.14995955312500003 0.27381289200747044 0.15810152061583113
1 0.20603143906250004 0.10777980312500002 0.07428691614812272 0.10270459452814737 0.07255411718750002 0.1476853609375 0.20429864010187732 0.15276056953435266
1 0.131362215625 0.1064785375 0.0022375224336010934 0.0985864711283559 -0.0005534113842402391 0.1442498571131834 0.12857128180715865 0.15214192348482752
1 0.4996510484375 0.15855278593750002 0.49927433232099994 0.11813284344369124 0.41192319218750006 0.11894696093750001 0.41229990830400015 0.1593669034313088
0 0.5768554781249999 0.12154948906250007 0.47617675156250006 0.12154948906250004 0.47617675156250006 0.15980925781250005 0.5768554781249999 0.15980925781250008
0 0.6480403374999999 0.1567885140625 0.646279700540443 0.11729322522881525 0.5387207234375001 0.1220880328125 0.540481360397057 0.16158332164618475
0 0.6038042890624999 0.3311773421875 0.6001458055772368 0.2402881230930391 0.43913008124999997 0.24676934687499993 0.44278856473526307 0.3376585659694608
0 0.4684890484375 0.3363500484375001 0.4667399016057101 0.24119126955757322 0.31399379379321013 0.2439989492450732 0.31574294062499997 0.3391577281250001
0 0.8562580771043258 0.25052000456087903 0.653940103125 0.2492074718750001 0.6534218006855722 0.32910026279878746 0.855739774664898 0.3304127954846664
1 0.7335146437500001 0.3278479796875 0.7306441423914132 0.24450158688744014 0.5478291837949302 0.2507978472220665 0.5506996851535171 0.33414424002212634
1 0.9854585968749999 0.998850303125 0.9839800830947132 0.8336060779827814 0.5822811038154672 0.8372002579057428 0.583759617595754 1.0024444830479613
1 0.627052921875 0.9999621781249999 0.6267033570330302 0.8764664994276188 0.23390196243036337 0.877578356610624 0.23425152727233317 1.001074035308005