1 0.6418084354440039 0.4981737727138166 0.638604921875 0.1251387265625 0.3286901577892463 0.12780018200006932 0.3318936713582502 0.5008352281513859
0 0.405285246875 0.49871954687500003 0.33188949936372614 0.08748021399332832 0.03892813593750001 0.13976635625 0.1123238834487739 0.5510056891316718
1 0.9293739609375 0.11507115156250014 0.5913103224150383 0.10613653248121442 0.5815354546875 0.475993078125 0.9195990932099619 0.48492769720628576
1 0.9218547546875 0.6564557953125001 0.6209360984375001 0.6564557953125 0.6209360984375001 0.703241971875 0.9218547546875 0.7032419718750001
1 0.6361248953125 0.6551190484375 0.35866616406250007 0.6537822999999999 0.358441110599648 0.7004949398016512 0.6358998418496481 0.7018316882391512
0 0.971140825 0.7407612187500001 0.804158788268403 0.7369225517407549 0.8027689727837591 0.7973795332262629 0.9697510095153561 0.801218200235508
1 0.8654564015625 0.73943248125 0.7171154676882141 0.736371932249283 0.716013265625 0.7897942703124999 0.864354199499286 0.792854819313217
1 0.7570841390625 0.7388331375 0.6288330535486393 0.7374678558203376 0.6282819396634886 0.7892380912708046 0.7565330251773494 0.790603372950467
1 0.6525424546874999 0.7407066437500001 0.5433396974024101 0.7363924619212547 0.5414541047285293 0.7841215394794523 0.6506568620136192 0.7884357213081976
1 0.5496869250000002 0.7358355265625 0.4476744750000002 0.7358355265625 0.4476744750000002 0.785296109375 0.5496869250000002 0.785296109375
1 0.456316025 0.7849214078124999 0.456105244367307 0.7365472759017015 0.34523752719299555 0.7370303598692716 0.3454483078256886 0.78540449178007
0 0.37032205781250005 0.7860455125000001 0.36806528971799957 0.7357759855028918 0.24154187812500005 0.741456046875 0.24379864621950048 0.7917255738721084
0 0.2862399546875 0.7881263078125 0.28325787936627533 0.7351199192018839 0.1391736546875 0.7432259234374998 0.14215573000872464 0.796232312048116
1 0.20257790937500003 0.79233571875 0.20231476903938464 0.7428982448987727 0.041034624967478964 0.7437566890694214 0.041297765303094376 0.7931941629206487
0 0.7987357562499999 0.8528926078125 0.7023346135619033 0.8512014226272038 0.7019193015625 0.8748750875000002 0.7983204442505969 0.8765662726852964
1 0.732045318850211 0.8718762350866271 0.7312864806360552 0.8481862621936648 0.6445965008483443 0.8509631192945376 0.6453553390625 0.8746530921875
1 0.6664170575061045 0.8708100972003544 0.6654501193928931 0.8447027633835887 0.5846710493867887 0.8476945802457344 0.5856379875 0.8738019140625001
1 0.6003851671875001 0.8466959890625001 0.5295734881591695 0.8462244989919725 0.5293923833845685 0.8734240817004553 0.6002040624128991 0.8738955717709829
1 0.5338978828125001 0.8466959890625001 0.4686603609375002 0.846251628125 0.46848761374020453 0.8716129911777925 0.5337251356152044 0.8720573521152926
1 0.47190973906250006 0.8693583203124998 0.4709667297754067 0.8453823050432756 0.40367279062500006 0.8480290671875 0.40461579991209334 0.8720050824567241
1 0.4151705921875002 0.8471403484375 0.3391851250000001 0.8471403484375 0.3391851250000001 0.8702470390625001 0.4151705921875002 0.8702470390625001
1 0.35768158749999995 0.8711357578124999 0.35749444014470183 0.8474499162978951 0.2729379636000491 0.8481180167303372 0.27312511095534725 0.8718038582449419
1 0.3757595453125 0.6984195234374999 0.375363917017512 0.6554246406840389 0.08286514218749999 0.6581161421874999 0.08326077048248796 0.7011110249409609