1 0.4257812500000001 0.7803030812500001 0.04122312769832361 0.7213249198977244 0.0024857921875001353 0.9739058187499999 0.38704391448917663 1.0328839801022758
1 0.788470665625 0.9924243374999999 0.7858279306792315 0.775885792508609 0.37200210099173153 0.7809363112586091 0.3746448359375 0.99747485625
1 0.8098854700739018 0.2919811474233066 0.38445075657800387 0.28677534511497815 0.3833272599416022 0.3785910617541717 0.8087619734375002 0.38379686406250013
1 0.41872839375000004 0.2878476703125 0.0319395328685043 0.2687910844395299 0.027955713314353352 0.3496501133116997 0.41474457419584904 0.36870669918466986
1 0.9972479765625 0.18614934375000006 0.9713620005632068 0.083876600709161 0.8135398265625 0.12382254218750002 0.839425802561793 0.22609528522833905
1 0.8623273499735398 0.12664099343709195 0.68728060912117 0.12548471470229774 0.6866405028976305 0.22238912439020592 0.8616872437500002 0.2235454031250001
0 0.6985468937499999 0.22105232656249996 0.6984146012761793 0.1254698899678237 0.5483050045144202 0.1256776516718286 0.5484372969882408 0.22126008826650484
0 0.5691798390625001 0.1253807234375001 0.41354692729107934 0.12075008639806703 0.41071402187500006 0.2159623250000001 0.5663469336464209 0.22059296203943313
0 0.3574246046875 0.12454971093750004 0.15754999634320419 0.12309932791489613 0.15688256390087635 0.21507696135895843 0.35675717224517217 0.21652734438156238
1 0.4574591625 0.13369097187500006 0.28319281854837886 0.12291504206307732 0.2774905375 0.21513127656250006 0.45175688145162124 0.22590720637442283
1 0.6005034965788145 0.03183802491556183 0.5992003289512842 0.0005272936893656432 0.5123612401849698 0.004141578148803826 0.5136644078125 0.035452309375000005
0 0.5296303888498224 0.03467343081915844 0.529051075 0.00425909375 0.4377715033376777 0.0059977316808415655 0.43835081718750013 0.036412068750000005
0 0.463725296875 0.002819384375000053 0.3646231258350593 -0.00032671434180298606 0.363475859375 0.03581220156250005 0.4625780304149408 0.03895830027930308