1 0.22453703750000004 0.31177509375 0.0036696093750000387 0.31177509375 0.003669609375000064 0.7240431328125 0.22453703750000006 0.7240431328125
1 0.3573968382877879 0.09778748524893087 0.16118882899509562 0.00033576633791317925 0.005887812500000034 0.313016790625 0.20209582179269234 0.41046850953601766
1 0.7531288790533062 0.0021305941254888107 0.661834467288825 -0.003553104406033203 0.6390383741730188 0.3626091577184781 0.7303327859375001 0.36829285625000013
1 0.7343211910432148 0.3332401247346844 0.6340804195996668 0.32787817968460514 0.6114963859375 0.75008335625 0.711737157381048 0.7554453013000793
1 0.8781803671875004 0.6341996687500002 0.7803383146040136 0.6331643029725432 0.7785674390625001 0.8005120187500001 0.8764094916459868 0.801547384527457
1 0.8750079812500001 0.7530451890625002 0.7766887514252929 0.7500826506357987 0.7703192343750002 0.9614709671875001 0.8686384641997072 0.9644335056142015
0 0.8813477443953829 0.5014131758321325 0.78799195697035 0.4978385269663068 0.7823743031249999 0.6445495796875 0.8757300905500329 0.6481242285533259
0 0.8877907548754982 0.36411940063790543 0.7999430311708856 0.3586657145856752 0.7903326434828876 0.5134693967602699 0.8781803671875 0.5189230828125001
1 0.8925344643563635 0.2253951441182164 0.80700370159099 0.22190536445811188 0.7996288544221267 0.40265497190239563 0.8851596171875002 0.4061447515625001
0 0.8918852945875871 0.09142683013316191 0.809045806316919 0.08947623116204471 0.804223560166832 0.29427096821638293 0.8870630484375001 0.2962215671875001
1 1 0.8526184625000001 0.9689106140625 0.8526184625000001 0.9689106140625 0.9768173859375 1 0.9768173859375
1 1.0000000000000002 0.7755294765625002 0.9713674827778058 0.7750537545094774 0.9695450921875002 0.8847388734375002 0.9981776094096946 0.8852145954905231