1 0.6418084354440039 0.5018262272861833 0.3318936713582502 0.499164771848614 0.3286901577892464 0.8721998179999307 0.6386049218750001 0.8748612734375
0 0.4052852468750001 0.501280453125 0.11232388344877409 0.4489943108683283 0.03892813593750013 0.8602336437500002 0.33188949936372614 0.9125197860066718
1 0.9293739609375002 0.8849288484375 0.9195990932099619 0.5150723027937144 0.5815354546874999 0.5240069218750001 0.5913103224150381 0.8938634675187858
1 0.9218547546875 0.2967580281250001 0.6209360984375001 0.2967580281250001 0.6209360984375001 0.3435442046875001 0.9218547546875 0.3435442046875001
1 0.6361248953125 0.34488095156250004 0.635899841849648 0.29816831176084885 0.35844111059964795 0.2995050601983488 0.3586661640625 0.3462177
0 0.971140825 0.25923878125 0.9697510095153561 0.19878179976449215 0.802768972783759 0.20262046677373724 0.8041587882684029 0.2630774482592451
1 0.8654564015625 0.26056751875000006 0.864354199499286 0.20714518068678306 0.7160132656249999 0.2102057296875 0.7171154676882139 0.263628067750717
1 0.7570841390624999 0.2611668625 0.7565330251773493 0.2093966270495331 0.6282819396634884 0.21076190872919548 0.6288330535486392 0.26253214417966236
1 0.6525424546874998 0.25929335625 0.650656862013619 0.2115642786918024 0.5414541047285291 0.21587846052054765 0.54333969740241 0.26360753807874526
1 0.5496869249999999 0.21470389062500012 0.447674475 0.21470389062500012 0.447674475 0.26416447343750005 0.5496869249999999 0.26416447343750005
1 0.456316025 0.21507859218749997 0.3454483078256885 0.21459550821993 0.3452375271929956 0.26296964013072843 0.4561052443673071 0.2634527240982984
0 0.37032205781250005 0.21395448750000004 0.24379864621950045 0.2082744261278918 0.24154187812500005 0.25854395312500006 0.3680652897179996 0.26422401449710825
0 0.28623995468749996 0.21187369218750002 0.14215573000872467 0.20376768795188402 0.13917365468750004 0.25677407656250006 0.28325787936627533 0.26488008079811604
1 0.20257790937500006 0.20766428125000003 0.04129776530309444 0.20680583707935124 0.04103462496747899 0.25624331093057856 0.20231476903938464 0.25710175510122735
0 0.7987357562499999 0.1471073921875 0.7983204442505967 0.12343372731470373 0.7019193015624998 0.1251249125 0.7023346135619031 0.14879857737279628
1 0.7320453188502107 0.12812376491337307 0.6453553390625 0.12534690781250007 0.6445965008483442 0.14903688070546242 0.7312864806360551 0.15181373780633542
1 0.6664170575061046 0.1291899027996459 0.5856379875 0.12619808593750007 0.5846710493867887 0.15230541975426568 0.6654501193928933 0.15529723661641154
1 0.6003851671874999 0.15330401093749998 0.600204062412899 0.12610442822901702 0.5293923833845684 0.12657591829954445 0.5295734881591694 0.15377550100802742
1 0.5338978828125 0.15330401093749998 0.5337251356152044 0.12794264788470772 0.4684876137402044 0.12838700882220772 0.4686603609375 0.15374837187499998
1 0.47190973906250006 0.13064167968750007 0.40461579991209334 0.12799491754327585 0.40367279062500006 0.15197093281250007 0.4709667297754067 0.1546176949567243
1 0.4151705921875 0.12975296093750005 0.33918512500000003 0.12975296093750005 0.33918512500000003 0.15285965156250006 0.4151705921875 0.15285965156250006
1 0.35768158749999995 0.12886424218750006 0.2731251109553472 0.1281961417550581 0.27293796360004907 0.15188198326966287 0.35749444014470183 0.15255008370210482
1 0.3757595453125 0.3015804765625 0.08326077048248802 0.2988889750590389 0.08286514218750003 0.34188385781249997 0.37536391701751204 0.3445753593159611