1 0.46828687157807725 0.8576218495224681 0.11833078906250012 0.8087071031249999 0.10469984950098214 0.9062284144120673 0.4546559320165593 0.9551431608095354
1 0.4673278000395077 0.7692636422934964 0.12012974218750014 0.7197808812500001 0.10651932183549258 0.8152790186440038 0.4537173796875001 0.8647617796875002
1 0.4684015104826897 0.6813702893758791 0.1201297421875001 0.6332866203125002 0.10709295201731046 0.7277125668741211 0.4553647203125001 0.7757962359375001
1 0.46816409376213886 0.5952573296797331 0.12424806250000002 0.547616140625 0.11144868905036125 0.6400132828202669 0.4553647203125 0.687654471875
1 0.47044459563217417 0.5081171146303997 0.12671915781250004 0.461945546875 0.11411031999282586 0.5558123681821004 0.4578357578124999 0.6019839359375001
1 0.4714890064570397 0.42165523067958277 0.12260077968750008 0.37133249843750005 0.10883372995901468 0.4667796523104898 0.4577219567285544 0.5171023845525726
1 0.47321017258519504 0.3300870878788351 0.12342447812500001 0.28071945156250006 0.10969740397730514 0.377980218371165 0.4594830984375001 0.42734785468750014
1 0.4697480160483189 0.24228763423910166 0.11783320312500004 0.1942251921875 0.10527168082668115 0.2862010798233984 0.45718649375 0.33426352187499997
0 0.47529563713262285 0.15950443834941092 0.1235988921875 0.10937840625000002 0.11043179880487712 0.2017620179005891 0.46212854375 0.25188805000000003
1 0.9149255804258685 0.1304588629775168 0.5746810218750001 0.08219450937500009 0.5606110430116319 0.1813822823349834 0.9008556015625002 0.22964663593750015
0 0.9143353015109387 0.22508333973366518 0.574681021875 0.17610259218750005 0.5620249781765615 0.263865225891335 0.9016792578125001 0.3128459734375001
0 0.9125918137584197 0.3114817704493682 0.5705627 0.2617730734375 0.5577479956165804 0.3499468186131319 0.899777109375 0.3996555156250001
0 0.9074751799383177 0.39906670422896545 0.5713863421875001 0.3482673906250001 0.557752763311066 0.4384673038499522 0.8938416010618837 0.48926661745391753
0 0.9054217015385901 0.48663464985556554 0.5713863421875 0.441351721875 0.56017953596141 0.5240201735819346 0.8942148953125002 0.5693031015625001
0 0.8989261388866113 0.83628257136327 0.5672679640625001 0.7898000468750002 0.555194981425889 0.8759421708242303 0.8868531562500002 0.9224246953125002
1 0.9042449978426992 0.7519560225581442 0.5672679640625001 0.7024820625000002 0.5546491820101286 0.7884311100581411 0.8916262157903277 0.837905070116285
1 0.9077543666363381 0.6601526119502277 0.5680916625000001 0.6102214546875001 0.5543244828646731 0.7038743503866868 0.893987187001011 0.7538055076494142
1 0.9078574792460504 0.57210220260721 0.5680916625 0.522079690625 0.5549816326752686 0.6111263980864143 0.8947474494213191 0.6611489100686243