1 0.9527557625000002 0.454989628125 0.9063447263879192 0.10536967729417923 0.8087071031249999 0.11833078906250002 0.8551181392370809 0.46795073989332076
1 0.8647617796875 0.4537173796874999 0.8137961389982206 0.10633639135196808 0.7184046332332426 0.12033165698501805 0.7693702739225221 0.4677126453205499
1 0.7757962359375001 0.4553647203125001 0.7255127918211992 0.10682439637077487 0.6312466936133073 0.12042403967084474 0.6815301377296082 0.4689643636125699
1 0.687654471875 0.4553647203125 0.6383689034698661 0.11125006479927817 0.5460942220835892 0.12446603816357027 0.595379790488723 0.4685806936767921
1 0.6019839359375 0.45783575781249997 0.5534406467474898 0.11380890654514328 0.459753450725203 0.12702846959133324 0.5082967399152132 0.47105532085868995
1 0.5163134 0.4578357578125001 0.4668545716919075 0.10905526904989546 0.37133249843749994 0.12260077968750002 0.42079132674559244 0.4713812684501046
1 0.42734785468750003 0.4594830984375 0.3776116335907526 0.10964922271842173 0.28037790727806283 0.12347303580687166 0.33011412837481025 0.47330691152594995
1 0.33426352187499997 0.4571864937500001 0.2841987380739148 0.10504157698428462 0.1923409927281908 0.11810108158661414 0.24240577652927597 0.4702459983523296
0 0.25188805 0.4621285437499999 0.19921208289843556 0.11015450352540976 0.10699954050597679 0.12395491007333966 0.15967550760754126 0.4759289502979298
1 0.2296466359375 0.9008556015625 0.17990329246113937 0.5604047707462876 0.08079271909712399 0.5748858377513691 0.13053606257348466 0.9153366685675817
0 0.31284597343750004 0.9016792578124999 0.26285086374807276 0.5619162725067423 0.17515660080148288 0.5748202216853227 0.22515171049091012 0.9145832069910803
0 0.39965551562499996 0.8997771093750002 0.34842651275567915 0.5575897787541624 0.26034186571209383 0.5707769666840949 0.31157086858141464 0.9129642973049327
0 0.48679689843750007 0.8942148953124999 0.4386709635406675 0.5584293907828387 0.34826739062500006 0.5713863421875 0.39639332552183265 0.9071718467171612
0 0.5693031015625001 0.8942148953125002 0.5190497643535832 0.5597134886468516 0.4367313488223483 0.572080477280564 0.4869846860312652 0.9065818839462125
0 0.9224246953125 0.8868531562499999 0.8758854540574209 0.5551884469447556 0.7897464077503045 0.5672754907124415 0.8362856490053835 0.8989402000176859
1 0.836754159375 0.8917951890625 0.7885071419241659 0.554946544415591 0.7024820625 0.5672679640625 0.750729079950834 0.904116608709409
1 0.7519074031249999 0.8942662125 0.7040264265348091 0.5548583972104748 0.6102214546875 0.5680916625000001 0.6581024312776907 0.9074994777895254
1 0.6588230140625 0.8950898828125 0.6112898523165304 0.5556010000359265 0.522079690625 0.5680916625 0.5696128523709696 0.9075805452765735