0 0.3563875676926744 0.08740511892292707 0.33634076874999996 0.023071757812500003 0.20402607918232557 0.0643020920145729 0.22407287812499996 0.12863545312499997
0 0.3586509711736475 0.15828075521655607 0.33737083593749995 0.09705532812500003 0.20540355695135237 0.14292322447094397 0.2266836921875 0.2041486515625
1 0.36209166730029657 0.414605838021808 0.340745646875 0.34336268125 0.20892780769970337 0.382858211978192 0.230273828125 0.45410136874999996
0 0.3658035903684467 0.3307809245131953 0.34407392812499993 0.25948546718750004 0.20893777994405321 0.30067270361180476 0.2306674421875 0.3719681609375
0 0.36936349500810234 0.24838465375232532 0.346429321875 0.17461915625 0.2066615128043976 0.21807387749767465 0.22959568593749996 0.291839375
1 0.36390241348009 0.4941688202267499 0.3440142609375 0.41986225 0.21190461933240998 0.4552213938357502 0.231792771875 0.5295279640625001
0 0.36827927270937866 0.5787547311084429 0.3480933357377556 0.5011470643369411 0.21389823802837687 0.5360515254159982 0.23408417499999995 0.6136591921875001
1 0.38324797131791805 0.9144853315941479 0.3696952562499999 0.8334090312500001 0.2176492380570819 0.8588250449683523 0.23120195312499997 0.9399013453125
1 0.3891572881962351 0.828427729523186 0.373167134840387 0.7444088569102462 0.21675744039415196 0.77417615707456 0.23274759375 0.8581950296875
1 0.3924163666464217 0.6575479355414361 0.3749864640624999 0.581388940625 0.21609051460357823 0.617754191021064 0.23352041718749997 0.6939131859375001
1 0.3868827516771214 0.7429591410724226 0.37253353593750005 0.662776075 0.21917120144787866 0.6902211370525775 0.2335204171875 0.770404203125
1 0.5229339944924557 0.11714174032117501 0.49941618125 0.03962610937500002 0.3253652586325443 0.09243219561632503 0.348883071875 0.16994782656250002
0 0.5126885069474835 0.08130280291635107 0.5092609595742525 -0.004551758064171485 0.34294195887676915 0.002088148394477443 0.34636950625 0.087942709375
0 0.5186069848207936 0.456795707973933 0.49891860625 0.37598523906250003 0.3357299683042064 0.41574394515106716 0.35541834687499996 0.4965544140625001
0 0.5211458665785316 0.20010023153068093 0.49567355585135786 0.12590264638831022 0.3314541752103263 0.1822797789201293 0.3569264859375 0.25647736406250005
0 0.5255780859885923 0.36858582665549616 0.50394745 0.2915866765624999 0.3342904249489077 0.33924680459450374 0.35592106093750003 0.4162459546875
0 0.5274344883648701 0.2822161247470142 0.50394745 0.20815918125000002 0.3354503038226299 0.2615977752529858 0.35893734218749995 0.33565471875
0 0.5229050704862916 0.540014903240074 0.50394745 0.46188727812499997 0.33821902074899846 0.5021011801974379 0.35717664123529014 0.580228805312512
0 0.5172058531481925 0.9845884702314134 0.5086401609375001 0.89759373125 0.3561412296643076 0.9126091094560864 0.36470692187500003 0.9996038484374999
1 0.51886334545555 0.8925806884194116 0.5065460578125001 0.8075033875000003 0.36114340454445 0.8285544350180887 0.3734606921875 0.9136317359375001
0 0.5232525135838945 0.7144750209524243 0.5064618750000001 0.630990078125 0.3597416692286057 0.6604987040475757 0.3765323078125 0.7439836468750001
1 0.5252606597037086 0.8016525591184763 0.5107342640625 0.7185906953125001 0.36060900748379143 0.7448455705690238 0.375135403125 0.827907434375
0 0.5251243251547317 0.6262550320996698 0.5070904812500001 0.5468555703125 0.36101203109526836 0.5800340819628304 0.379045875 0.6594335437500001
0 0.8163915294733991 0.08368966614571793 0.7959663609375001 0.005062939062499994 0.594056789276601 0.05751376822928207 0.6144819578125001 0.1361404953125
0 0.814646709964235 0.8485607890632272 0.8010855812500001 0.7552828937500001 0.6001181103482651 0.7845003812492729 0.6136792390625 0.8777782765625
0 0.8160423773255927 0.16628485045647062 0.79797384375 0.0905701125 0.5960120664244073 0.13876618704352942 0.6140806000000001 0.21448092500000002
0 0.8194512007002427 0.6514661792660397 0.8025911921875 0.5612926265624999 0.6004314696122574 0.5990910113589603 0.6172914781250001 0.6892645640625
1 0.810128514172446 0.9471786119292794 0.7979282468749999 0.8517006234375 0.6050765545775537 0.8763433943207207 0.617276821875 0.9718213828125002
0 0.8232077854683615 0.27017750823995423 0.8025911921875 0.18872127031249994 0.5962735239066387 0.2409403214475458 0.6168901171875001 0.3223965593750001
0 0.8218924876556706 0.46123455971922855 0.8002768609375 0.3730556296875001 0.5984468161757864 0.4225309738146185 0.6200624428939572 0.5107099038463468
0 0.8165507944461549 0.5577451769515429 0.798576225 0.46984851874999994 0.6004300493038451 0.5103687417984571 0.6184046187499999 0.5982654000000001
1 0.8184380832755445 0.7498287547668049 0.8025911921875 0.6556029062500001 0.6002405057869555 0.6896342186706951 0.616087396875 0.7838600671875
1 0.8255205723342348 0.3638374722335855 0.8008934799265145 0.274357024966819 0.5962766247797797 0.3306723246082336 0.6209037171875 0.42015277187500005
0 0.14778591210380526 0.9542567954448966 0.13633310625 0.87728301875 0.027460862896194715 0.8934819467426035 0.03891366875 0.9704557234375001
0 0.1505382240875993 0.8742594161953818 0.1367255140625 0.7980599359374999 0.024787139974900695 0.8183510494296181 0.03859984999999999 0.8945505296875
0 0.9839768890625 1.0883376115464477e-16 0.7934133140624999 9.716510754675343e-17 0.7934133140624999 0.0903476187500001 0.9839768890625 0.09034761875000011
1 0.15501073167528445 0.7941403357567388 0.14039934999999998 0.7186738234375 0.023383310512215538 0.7413297798682612 0.037994692187500026 0.8167962921875
0 0.15850477419236794 0.7144037716133644 0.14244717812499996 0.6424361359374999 0.022919717995131993 0.6691053971366354 0.038977314062499976 0.7410730328124999
0 0.16016073361358935 0.6377279305786738 0.14186341928925394 0.5638968055965035 0.02297278255066464 0.5933610640803296 0.04127009687500003 0.6671921890625001
0 1.0085379186447991 0.21836633653452822 0.98473403125 0.13126522031250007 0.7801999766677008 0.18716238690297196 0.8040038640624999 0.2742635031250001
0 1.0082667761497874 0.3142104464719673 0.98473403125 0.22675040468750002 0.7858311472877124 0.2802689113405327 0.8093638921874999 0.367728953125
0 1.0189616675407032 0.11890422196695508 0.9944151531250001 0.03386593437499998 0.7776706746467966 0.09642977022054496 0.8022171890625 0.18146805781250003
0 1.0108253361761237 0.41459509718471865 0.98994694375 0.3217971734374999 0.7843165888238763 0.3680614762527812 0.80519498125 0.4608593999999999
0 1.0105088131836222 0.8166494557815304 0.9959045562499999 0.7197913703125 0.7893996071288776 0.7509281754684698 0.8040038640624999 0.8477862609375002
0 1.0143311372894885 0.7126928777183593 0.9951598562499999 0.6184430609375001 0.7872148189605113 0.6607409972816408 0.8063860999999999 0.7549908140625001
0 1.0164998441844024 0.6129374628686851 0.99590455625 0.5172797406250002 0.7857908105030973 0.5625176261938151 0.8063860984374998 0.6581753484374999
0 1.0203856805178637 0.5121755438462766 1 0.41862755468750007 0.7865959772946364 0.46513188115372345 0.8069816578125 0.5586798703125
0 1.0117052111274714 0.9236841167571741 1 0.8221343765625001 0.7952764466850285 0.8457319988678258 0.8069816578124998 0.9472817390624998
0 0.16641172761719608 0.33234894909934687 0.14807553281250002 0.26417317968750004 0.02295967238280393 0.2978236805881531 0.0412958671875 0.36599945
0 0.1565343952324636 0.561244334492963 0.14051485625000001 0.49124155156250005 0.030998978205036432 0.5163033248820372 0.04701851718750001 0.5863061078125
0 0.16977944287183977 0.2578139238700571 0.15056408281250003 0.18930124687500005 0.02060822900316022 0.22574922456744298 0.03982358906249999 0.2942619015625
0 0.1671495722902519 0.4073516558136479 0.1468312578125 0.33869524531249995 0.0274455792722481 0.3740264801238521 0.04776389375000002 0.442682890625
0 0.1640820790133773 0.4837551578493925 0.14449500312500002 0.414944053125 0.02757874911162276 0.44822425621310746 0.04716582500000003 0.5170353609375
0 0.17712283915350102 0.10300050597422716 0.1518083578125 0.04300887187500001 0.017846951471498985 0.09953614558827284 0.043161432812500004 0.1595277796875
0 0.17479889957985323 0.18263154061236822 0.15180835781250002 0.11563075468749999 0.021810147295146787 0.16023813126263178 0.04480068906250001 0.2272389171875
0 0.15305263281249998 1.2191138736114647e-17 0.04577373281250001 5.6222006610621984e-18 0.04577373281250001 0.0850134125 0.15305263281249998 0.08501341250000001