0 0.12863545312500002 0.22407287812500004 0.06430209201457299 0.20402607918232563 0.023071757812500038 0.33634076874999996 0.08740511892292709 0.35638756769267443
0 0.2041486515625 0.22668369218750004 0.14292322447094397 0.20540355695135246 0.09705532812500005 0.33737083593750006 0.15828075521655607 0.35865097117364764
1 0.45410136875000007 0.23027382812500002 0.382858211978192 0.20892780769970343 0.34336268125 0.34074564687500003 0.414605838021808 0.3620916673002966
0 0.37196816093749996 0.2306674421875 0.30067270361180476 0.20893777994405333 0.2594854671875 0.34407392812500004 0.3307809245131952 0.3658035903684468
0 0.29183937500000007 0.22959568593750004 0.2180738774976747 0.20666151280439768 0.17461915625000002 0.3464293218750001 0.2483846537523254 0.3693634950081025
0 0.5295279640625001 0.23179277187500005 0.4552213938357503 0.21190461933241006 0.4198622500000001 0.3440142609375001 0.4941688202267499 0.36390241348009
0 0.6136591921875001 0.23408417500000014 0.5360515254159982 0.213898238028377 0.5011470643369411 0.3480933357377557 0.5787547311084429 0.36827927270937877
1 0.9399013453125 0.23120195312500008 0.8588250449683524 0.21764923805708197 0.8334090312500002 0.3696952562500001 0.9144853315941479 0.38324797131791816
1 0.8581950296875 0.2327475937500001 0.77417615707456 0.21675744039415196 0.744408856910246 0.373167134840387 0.828427729523186 0.38915728819623513
1 0.6939131859375 0.2335204171875001 0.6177541910210641 0.2160905146035783 0.581388940625 0.37498646406249997 0.6575479355414359 0.39241636664642177
1 0.7704042031250001 0.23352041718750013 0.6902211370525776 0.21917120144787874 0.6627760750000001 0.37253353593750005 0.7429591410724227 0.3868827516771215
0 0.16994782656250007 0.348883071875 0.09243219561632515 0.32536525863254423 0.039626109375000065 0.49941618125 0.11714174032117497 0.5229339944924558
0 0.08794270937500004 0.34636950625 0.0020881483944774847 0.34294195887676915 -0.004551758064171424 0.5092609595742525 0.08130280291635114 0.5126885069474835
0 0.4965544140625 0.35541834687500007 0.4157439451510673 0.3357299683042065 0.37598523906250014 0.49891860625 0.4567957079739329 0.5186069848207936
0 0.2564773640625001 0.3569264859375001 0.18227977892012934 0.3314541752103264 0.1259026463883102 0.49567355585135797 0.20010023153068088 0.5211458665785316
0 0.41624595468750003 0.35592106093750014 0.3392468045945039 0.3342904249489077 0.29158667656250004 0.5039474500000001 0.36858582665549616 0.5255780859885925
0 0.33565471875 0.35893734218750006 0.2615977752529859 0.3354503038226301 0.20815918125000005 0.5039474500000001 0.2822161247470142 0.5274344883648701
0 0.580228805312512 0.35717664123529025 0.502101180197438 0.33821902074899857 0.461887278125 0.5039474500000001 0.5400149032400741 0.5229050704862918
0 0.9996038484375 0.3647069218750002 0.9126091094560864 0.3561412296643077 0.89759373125 0.5086401609375002 0.9845884702314136 0.5172058531481926
1 0.9136317359375001 0.37346069218750017 0.8285544350180887 0.3611434045444501 0.8075033875000001 0.5065460578125002 0.8925806884194115 0.5188633454555502
0 0.7439836468750001 0.37653230781250013 0.6604987040475758 0.3597416692286058 0.6309900781250001 0.5064618750000002 0.7144750209524243 0.5232525135838946
1 0.8279074343750003 0.3751354031250001 0.7448455705690239 0.36060900748379143 0.7185906953125001 0.5107342640625001 0.8016525591184763 0.5252606597037086
0 0.65943354375 0.3790458750000001 0.5800340819628302 0.36101203109526836 0.5468555703125 0.50709048125 0.6262550320996697 0.5251243251547317
0 0.1361404953125001 0.6144819578125 0.057513768229282246 0.5940567892766009 0.005062939062500082 0.7959663609375001 0.08368966614571793 0.8163915294733993
0 0.8777782765625 0.6136792390625 0.7845003812492729 0.6001181103482651 0.7552828937500001 0.8010855812500001 0.8485607890632272 0.8146467099642349
0 0.21448092500000007 0.6140806000000001 0.13876618704352955 0.5960120664244074 0.09057011250000009 0.79797384375 0.16628485045647062 0.8160423773255928
0 0.6892645640625 0.6172914781250001 0.5990910113589603 0.6004314696122575 0.5612926265625001 0.8025911921875 0.6514661792660398 0.8194512007002427
1 0.9718213828125002 0.6172768218750001 0.8763433943207207 0.6050765545775538 0.8517006234375 0.797928246875 0.9471786119292794 0.8101285141724462
0 0.3223965593750001 0.6168901171875001 0.2409403214475458 0.5962735239066387 0.18872127031250002 0.8025911921875 0.2701775082399543 0.8232077854683615
0 0.5982654000000001 0.6184046187500001 0.5103687417984573 0.6004300493038454 0.46984851875 0.7985762250000001 0.5577451769515428 0.8165507944461549
1 0.7838600671875 0.6160873968750001 0.6896342186706951 0.6002405057869555 0.6556029062500001 0.8025911921875 0.7498287547668049 0.8184380832755445
0 0.4201527718750001 0.6209037171875 0.3306723246082336 0.5962766247797797 0.27435702496681896 0.8008934799265145 0.36383747223358553 0.8255205723342348
1 0.5107099042076572 0.6223767726700264 0.4225309741759286 0.6007611459518558 0.3730556296875001 0.8025911921875002 0.46123455971922855 0.8242068189056708
0 0.9704557234375001 0.03891366875000011 0.8934819467426035 0.027460862896194826 0.87728301875 0.1363331062500001 0.9542567954448966 0.14778591210380537
0 0.8945505296875002 0.03859985000000017 0.8183510494296182 0.02478713997490083 0.7980599359375 0.13672551406250014 0.8742594161953819 0.15053822408759948
0 0.0903476187500001 0.7934133140624999 9.716510754675343e-17 0.7934133140624999 1.0883376115464477e-16 0.9839768890625 0.09034761875000011 0.9839768890625
1 0.8167962921875 0.03799469218750014 0.7413297798682612 0.02338331051221563 0.7186738234375 0.1403993500000001 0.7941403357567388 0.1550107316752846
0 0.7410730328125001 0.038977314062500115 0.6691053971366355 0.022919717995132084 0.6424361359375 0.14244717812500007 0.7144037716133645 0.1585047741923681
0 0.6671921890625 0.04127009687500012 0.5933610640803295 0.022972782550664685 0.5638968055965032 0.14186341928925406 0.6377279305786738 0.16016073361358948
0 0.27426350312500025 0.8040038640625001 0.18716238690297204 0.7801999766677009 0.13126522031250015 0.98473403125 0.21836633653452836 1.0085379186447994
0 0.36772895312500015 0.8093638921874999 0.28026891134053294 0.7858311472877125 0.22675040468750018 0.9847340312500001 0.3142104464719674 1.0082667761497877
0 0.18146805781250014 0.8022171890625 0.09642977022054515 0.7776706746467966 0.033865934375000115 0.9944151531249998 0.11890422196695512 1.0189616675407032
0 0.4608594000000002 0.8051949812500002 0.3680614762527813 0.7843165888238763 0.32179717343750003 0.9899469437500003 0.4145950971847189 1.010825336176124
0 0.8477862609375004 0.8040038640625001 0.7509281754684699 0.7893996071288779 0.7197913703125001 0.9959045562500002 0.8166494557815305 1.0105088131836224
0 0.7549908140625001 0.8063860999999999 0.6607409972816409 0.7872148189605114 0.6184430609375001 0.9951598562499999 0.7126928777183593 1.0143311372894885
0 0.6581753484375 0.8063860984375 0.562517626193815 0.7857908105030974 0.517279740625 0.9959045562499999 0.6129374628686852 1.0164998441844024
0 0.5586798703125002 0.8069816578125002 0.46513188115372356 0.7865959772946363 0.41862755468750007 1 0.5121755438462767 1.0203856805178637
0 0.9472817390625001 0.8069816578125 0.8457319988678259 0.7952764466850286 0.8221343765625001 1 0.9236841167571743 1.0117052111274716
0 0.36599945 0.04129586718750006 0.2978236805881532 0.022959672382803963 0.26417317968750004 0.14807553281250008 0.33234894909934687 0.16641172761719616
0 0.5863061078125 0.047018517187500074 0.5163033248820372 0.030998978205036477 0.49124155156250005 0.14051485625000007 0.561244334492963 0.15653439523246365
0 0.2942619015625 0.03982358906250004 0.22574922456744292 0.020608229003160235 0.189301246875 0.15056408281250003 0.2578139238700571 0.16977944287183983
0 0.442682890625 0.04776389375000004 0.37402648012385215 0.02744557927224812 0.33869524531250006 0.14683125781250003 0.4073516558136479 0.16714957229025196
0 0.5170353609375 0.04716582500000007 0.44822425621310746 0.02757874911162278 0.414944053125 0.14449500312500008 0.4837551578493925 0.16408207901337737
0 0.15952777968750004 0.043161432812500025 0.09953614558827288 0.017846951471498992 0.04300887187500002 0.1518083578125 0.10300050597422716 0.17712283915350102
0 0.22723891718750006 0.04480068906250004 0.1602381312626318 0.02181014729514679 0.11563075468749999 0.1518083578125 0.1826315406123682 0.17479889957985323
0 0.0850134125 0.04577373281250001 5.6222006610621984e-18 0.04577373281250001 1.2191138736114647e-17 0.15305263281249998 0.08501341250000001 0.15305263281249998