0 0.7964674686106076 0.9317619179719484 0.7749677570693776 0.8685436055866974 0.64215951970877 0.913709929802249 0.6636592312499999 0.9769282421875
0 0.7946653638084384 0.8563547880997593 0.7731305039414842 0.7953247783961285 0.6410943041955457 0.8419146621713691 0.6626291640625 0.902944671875
1 0.7913117481965823 0.6159386684791326 0.7694538818698503 0.545015115247755 0.637396486798268 0.5857137655186225 0.6592543531249999 0.65663731875
0 0.7914591593820834 0.6970873371598534 0.7688412817898164 0.6264986026844233 0.6333081942827329 0.66992579833707 0.655926071875 0.7405145328125002
0 0.7937341277286267 0.7796221062432211 0.7698659498861989 0.7065115633299269 0.6297025002825721 0.7522703008367059 0.6535706781249999 0.8253808437500002
0 0.7891559027941989 0.5400325463646641 0.7671462661129158 0.4669490894852878 0.6339761023812169 0.5070542931206237 0.6559857390625 0.58013775
0 0.7859238091728487 0.46404042636731174 0.7659158250000001 0.38634080781249996 0.6318249330146515 0.42086978613268833 0.6518329171875001 0.4985694046875001
1 0.7831732423569562 0.1385963203486988 0.7684046306353923 0.05795035301875599 0.615536132028436 0.08594500142005723 0.63030474375 0.16659096875000004
1 0.7821852701751999 0.2262471073234309 0.76725240625 0.1418049703125 0.6115554579498 0.16933863330156904 0.6264883218749999 0.25378077031249996
1 0.7843619746235857 0.3801223784427823 0.7660685592050993 0.30438511973273674 0.6067201205190136 0.3428738006649545 0.6250135359375 0.41861105937500004
1 0.7834033498987634 0.2994383965809292 0.7644370955907194 0.2211666677864129 0.6085002097544558 0.2589521962054838 0.6274664640624998 0.3372239250000001
0 0.6752526484780521 0.9007066159218947 0.6493648458268038 0.8249231614935834 0.4746960160987517 0.8845904361966888 0.5005838187500001 0.9603738906250001
0 0.6547738378893145 0.9981250963738164 0.6536304937499999 0.9120572906250002 0.48941804976936554 0.9142387257597093 0.4905613939086802 1.0003065315085256
0 0.6659789202326325 0.5740197346773372 0.6421568366839671 0.49544786569989013 0.4772593102013346 0.5454428919600529 0.50108139375 0.6240147609375
0 0.6677143514684689 0.8183475555404559 0.6430735140625 0.7435226359375 0.47908601259403094 0.7975258928970439 0.5037268499999998 0.8723508124999999
0 0.6665740975413016 0.6530890158924565 0.6422681556945014 0.5781728171711122 0.4717466081531998 0.6334971247161558 0.49605255000000004 0.7084133234375001
0 0.6649908744538677 0.7327174628320957 0.6395722999758305 0.6600867517424185 0.47063397552196273 0.7192101076603227 0.49605255000000004 0.79184081875
0 0.6622196380018939 0.4955294294583239 0.6423112780207946 0.41784369833676316 0.47614419001890085 0.4604269907534393 0.4960525500000001 0.538112721875
0 0.6461880814334675 0.08164458611324235 0.6346125740073492 -0.004678642147888767 0.4797843316363816 0.016083040488868928 0.4913598390625 0.10240626875000003
1 0.6402154562542429 0.1678696381013117 0.6260313228696609 0.08334098843670787 0.4792698088029179 0.10796796283539616 0.4934539421874999 0.1924966125
0 0.6417563037582646 0.3344489973117143 0.622537728067072 0.25202810367906947 0.47431954930880726 0.2865890282423552 0.493538125 0.369009921875
1 0.6404899537668993 0.2517430336182037 0.6243277315352336 0.16935588729774226 0.4731035137058342 0.19902215836703857 0.4892657359375 0.28140930468750003
0 0.6402338428388734 0.4149683838284607 0.6199689015428496 0.3367644024585437 0.47264457745397614 0.37494044831758305 0.49290951875 0.45314442968749996
0 0.4067041156965779 0.9281573871567075 0.3817257107936187 0.8523501101721086 0.17905523415954086 0.9191297839529012 0.2040336390625 0.9949370609375
0 0.40161232481353143 0.20899806001906093 0.38533844528541733 0.11664729335660615 0.18264053922188592 0.1523663395875453 0.19891441875 0.24471710625000007
0 0.4046417998104769 0.8541842708894902 0.38430553221536223 0.7796001464067822 0.1816898886548854 0.834845763017292 0.20202615625 0.9094298875
0 0.4006720363077145 0.3957661726397027 0.38180089138286816 0.3064391447140629 0.17853766288765366 0.3493803455118602 0.1974088078125 0.4387073734375
1 0.3967453646954704 0.11786161503103484 0.3819139529080361 0.02300298049038584 0.1872403413375657 0.05344074202185099 0.20207175312499998 0.1482993765625
0 0.4040480942294472 0.7562991482544366 0.3825148715441625 0.6753671066862088 0.17587558512721527 0.7303466881192724 0.19740880781249998 0.8112787296875001
0 0.40059715145976993 0.4843299140977141 0.3805778797928749 0.39731180930637733 0.18140450333310496 0.4431333764586632 0.20142377499999994 0.5301514812499999
1 0.4014270095257152 0.3034895626758968 0.3827472229761678 0.21032783034544247 0.1787290212629527 0.2512353614195458 0.19740880781250003 0.34439709375000005
0 0.40256524247020337 0.6699404573286938 0.3790962828125 0.579847228125 0.17494359034229662 0.6330282645463063 0.19841254999999997 0.7231214937500001
1 0.4000431554030362 0.5714685523422971 0.3762761581409469 0.4846557722770027 0.17364181055041067 0.5401315902472056 0.1974088078125 0.6269443703124999
0 0.974308826721194 0.10272622566699714 0.9605383556101141 0.02651142051229365 0.8498964226389202 0.04650217609529652 0.8636668937499999 0.12271698125000001
0 0.9761919426798158 0.17933374260565 0.9610397078154236 0.10364907944118004 0.8481222510731079 0.12625540089803 0.8632744859375002 0.20194006406249992
0 0.2065866859375 1 0.200760603125 0.9096523812499999 0.010986174522442499 0.9218900201831607 0.016812257334942477 1.0122376389331609
1 0.978478287849085 0.2534483263202192 0.9610967623992426 0.17932945884179322 0.8422191245501575 0.20720730908407398 0.8596006499999997 0.2813261765625
0 0.9781151649900955 0.3275223456724875 0.9604026938609284 0.25643882073318836 0.8398403507458327 0.2864803391232008 0.8575528218749998 0.35756386406249996
0 0.9765219338066409 0.40694898750240094 0.958729903125 0.3328078109375 0.8401703583808591 0.361259140622599 0.8579623890624999 0.43540031718749994
0 0.22058011240695602 0.8052785945363737 0.19417939621073377 0.7198583880608593 -0.011134747446222226 0.7833145732119859 0.015265968750000036 0.8687347796875002
0 0.21452285230000895 0.7172219778159152 0.19007780595704798 0.630285499518746 -0.009179077592960971 0.6863131170153308 0.015265968750000015 0.7732495953125
0 0.22262310136358163 0.8997696318886458 0.1968698177346791 0.8155460890739572 -0.020168436753902473 0.8819105228103112 0.0055848468750000265 0.9661340656249997
0 0.21745607371048417 0.6203626741768453 0.19225992680013243 0.5300144181290158 -0.01514309066035171 0.5878545705146705 0.010053056250000015 0.6782028265625
0 0.2132853811693089 0.23809581090727713 0.19410537502605593 0.14282163071648707 -0.015084562393252954 0.18493444949671 0.0040954437500000055 0.28020862968750004
0 0.21351801892800099 0.3358168809887959 0.19298841786390586 0.24215557602490206 -0.015689457314095167 0.28789563409860613 0.0048401437499999925 0.3815569390625
0 0.21504609274345973 0.43329050571700317 0.1928133466529755 0.3384081348853675 -0.01813730234048424 0.3878378885433643 0.004095443749999994 0.482720259375
0 0.21422584947259787 0.5303322432208679 0.19213331832395797 0.4376055090316015 -0.022092531148639915 0.48864571112323374 0 0.5813724453125001
0 0.20653071224615366 0.1488291778044863 0.19235610791175492 0.048007914555161395 -0.014174604334398733 0.07704436018817513 2.7755575615628915e-18 0.17786562343750004
0 0.9778057492448677 0.6986108149856729 0.9579202901691563 0.6313492413490893 0.8320390081117885 0.6685652466759164 0.8519244671875 0.7358268203125001
0 0.9711281479908298 0.4765025981112741 0.9514657958036571 0.4084478407132831 0.8398227915628272 0.44070369103950907 0.85948514375 0.5087584484375001
0 0.9810948804782862 0.7579342695964574 0.9556302259933813 0.6943943695379827 0.823971262702595 0.7471588530665254 0.8494359171874999 0.8106987531250001
0 0.9726745631399947 0.6254615674605011 0.9521294812946973 0.5569616079867792 0.8326236603422025 0.5928047952137783 0.8531687421874998 0.6613047546875002
0 0.9733602996640576 0.5476684826492381 0.951943236162548 0.4801561611774964 0.8340879333734904 0.5175436254032585 0.8555049968749999 0.5850559468750001
0 0.9821683683863448 0.8994800922607844 0.9565512988546239 0.839803004914082 0.8225745726557792 0.8973140407782978 0.8481916421875001 0.9569911281250002
0 0.9789898815013423 0.8270384872354362 0.9513458282059496 0.7639694886766687 0.8205475888921072 0.8213002467537327 0.8481916421875001 0.8843692453125002
0 0.9542262671875001 0.9149865875000002 0.8472174540044785 0.9146466816105481 0.8469468365286363 0.9998421895881261 0.953955649711658 1.0001820954775782