0 0.9769282421875 0.33634076875 0.9317619179719483 0.20353253138939248 0.8685436055866973 0.2250322429306225 0.913709929802249 0.35784048029123
0 0.902944671875 0.33737083593750006 0.8563547880997593 0.20533463619156161 0.7953247783961286 0.2268694960585159 0.8419146621713693 0.35890569580445436
0 0.6566373187500001 0.340745646875 0.6159386684791326 0.20868825180341757 0.545015115247755 0.23054611813014958 0.5857137655186225 0.362603513201732
0 0.7405145328125 0.34407392812499993 0.6970873371598532 0.20854084061791642 0.626498602684423 0.23115871821018352 0.6699257983370699 0.36669180571726706
0 0.8253808437499999 0.34642932187500003 0.7796221062432209 0.20626587227137327 0.7065115633299269 0.230134050113801 0.7522703008367059 0.37029749971742776
0 0.58013775 0.3440142609375001 0.5400325463646641 0.210844097205801 0.4669490894852878 0.23285373388708405 0.5070542931206237 0.3660238976187832
0 0.49856940468750005 0.3481670828125 0.46404042636731174 0.21407619082715149 0.3863408078125 0.23408417500000006 0.42086978613268833 0.3681750669853485
1 0.16659096875 0.36969525624999994 0.1385963203486988 0.21682675764304368 0.05795035301875602 0.23159536936460762 0.08594500142005722 0.38446386797156384
0 0.2537807703125 0.373511678125 0.2262471073234309 0.2178147298248001 0.14180497031249994 0.23274759375 0.16933863330156904 0.38844454205019996
1 0.418611059375 0.3749864640625001 0.38012237844278224 0.21563802537641436 0.30438511973273663 0.2339314407949007 0.34287380066495443 0.3932798794809864
1 0.337223925 0.3725335359375 0.29943839658092913 0.21659665010123658 0.22116666778641286 0.23556290440928063 0.25895219620548376 0.39149979024554404
0 0.9603738906249998 0.49941618125 0.9007066159218944 0.324747351521948 0.8249231614935834 0.35063515417319635 0.8845904361966888 0.5253039839012483
0 1 0.509473871875 0.9981357849739132 0.3453915288538127 0.9120572906249999 0.34636950624999996 0.9139215056510868 0.5104518492711874
0 0.6240147609375 0.49891860625 0.5740197346773372 0.3340210797673675 0.49544786569988997 0.35784316331603294 0.5454428919600527 0.5227406897986654
0 0.8723508125 0.49627315000000005 0.8183475555404561 0.3322856485315309 0.7435226359375 0.3569264859375 0.7975258928970439 0.5209139874059691
0 0.7084133234375 0.5039474499999999 0.6530890158924564 0.3334259024586985 0.5781728171711122 0.35773184430549876 0.6334971247161559 0.5282533918468001
1 0.7918408187500001 0.50394745 0.7327174628320959 0.3350091255461322 0.6600867517424185 0.3604277000241695 0.7192101076603227 0.5293660244780373
0 0.5381127218749999 0.50394745 0.49552942945832373 0.33778036199810607 0.41784369833676316 0.3576887219792053 0.4604269907534394 0.5238558099810992
0 0.10240626875000003 0.5086401609375 0.08164458611324234 0.3538119185665326 -0.004678642147888779 0.36538742599265106 0.016083040488868917 0.5202156683636183
1 0.1924966125 0.5065460578125001 0.16786963810131175 0.3597845437457569 0.08334098843670787 0.37396867713033893 0.10796796283539616 0.520730191197082
1 0.369009921875 0.5064618750000001 0.3344489973117143 0.35824369624173535 0.2520281036790695 0.377462271932928 0.2865890282423552 0.5256804506911926
1 0.28140930468750003 0.5107342640625 0.25174303361820366 0.35951004623310057 0.16935588729774223 0.3756722684647664 0.19902215836703863 0.5268964862941659
1 0.45314442968749996 0.50709048125 0.4149683838284607 0.3597661571611265 0.3367644024585437 0.38003109845715033 0.3749404483175831 0.5273554225460239
0 0.9949370609375002 0.7959663609375003 0.9281573871567075 0.5932958843034223 0.8523501101721085 0.6182742892063813 0.9191297839529012 0.8209447658404594
0 0.24471710624999998 0.8010855812500001 0.2089980600190608 0.5983876751864686 0.11664729335660615 0.6146615547145827 0.1523663395875453 0.8173594607781143
0 0.9094298875 0.79797384375 0.8541842708894902 0.5953582001895232 0.7796001464067823 0.6156944677846379 0.8348457630172922 0.8183101113451146
0 0.4387073734375 0.8025911921875 0.3957661726397027 0.5993279636922857 0.3064391447140629 0.618199108617132 0.3493803455118602 0.8214623371123464
1 0.14829937656250003 0.7979282468750001 0.1178616150310348 0.6032546353045296 0.023002980490385773 0.6180860470919638 0.05344074202185099 0.8127596586624344
0 0.8112787296875 0.8025911921875 0.7562991482544363 0.5959519057705528 0.6753671066862087 0.6174851284558376 0.7303466881192724 0.8241244148727848
0 0.5301514812499999 0.7985762249999999 0.4843299140977141 0.59940284854023 0.3973118093063774 0.6194221202071251 0.44313337645866324 0.818595496666895
1 0.34439709375000005 0.8025911921875002 0.3034895626758967 0.5985729904742849 0.21032783034544247 0.6172527770238323 0.25123536141954583 0.8212709787370475
0 0.72312149375 0.8015874500000002 0.6699404573286938 0.5974347575297966 0.579847228125 0.6209037171875 0.6330282645463061 0.8250564096577035
1 0.6269443703125 0.8025911921875 0.571468552342297 0.5999568445969636 0.4846557722770025 0.623723841859053 0.5401315902472056 0.8263581894495895
0 0.12271698125000001 0.13633310625 0.10272622566699716 0.025691173278806052 0.02651142051229364 0.03946164438988593 0.046502176095296485 0.15010357736107988
0 0.20194006406249998 0.1367255140625 0.17933374260565005 0.02380805732018438 0.1036490794411801 0.038960292184576625 0.12625540089803003 0.15187774892689226
0 1 0.7933457031250002 0.9096523812499999 0.7933457031250002 0.9096523812499999 0.9839893312499999 1 0.9839893312499999
1 0.2813261765625 0.14039935000000003 0.2534483263202192 0.02152171215091514 0.17932945884179324 0.03890323760075751 0.20720730908407403 0.15778087544984237
0 0.35756386406249996 0.14244717812500002 0.3275223456724875 0.02188483500990438 0.2564388207331883 0.039597306139071455 0.28648033912320076 0.16015964925416712
0 0.4354003171875 0.14203761093750003 0.40694898750240105 0.02347806619335907 0.3328078109375 0.041270096874999995 0.361259140622599 0.15982964161914093
0 0.8687347796875 0.9847340312500001 0.8052785945363734 0.779419887593044 0.7198583880608592 0.8058206037892661 0.7833145732119858 1.0111347474462222
0 0.7732495953125001 0.98473403125 0.7172219778159152 0.7854771476999911 0.6302854995187459 0.8099221940429521 0.6863131170153307 1.009179077592961
0 0.9661340656249999 0.9944151531250001 0.899769631888646 0.7773768986364183 0.8155460890739574 0.8031301822653208 0.8819105228103113 1.0201684367539026
0 0.6782028265624999 0.9899469437500003 0.6203626741768452 0.782543926289516 0.5300144181290157 0.8077400731998676 0.5878545705146705 1.0151430906603518
0 0.28020862968750004 0.99590455625 0.2380958109072771 0.786714618830691 0.14282163071648707 0.805894624973944 0.18493444949671 1.015084562393253
0 0.3815569390625 0.9951598562499999 0.3358168809887959 0.7864819810719991 0.24215557602490195 0.8070115821360944 0.287895634098606 1.0156894573140953
0 0.482720259375 0.99590455625 0.43329050571700306 0.7849539072565402 0.3384081348853674 0.8071866533470246 0.38783788854336426 1.0181373023404843
0 0.5814612578125 1 0.5303146672368056 0.785737751321372 0.43759984487392956 0.8078697278545075 0.488746435449624 1.0221319765331356
0 0.1780227296875 1 0.14880976601009838 0.7933947901373852 0.047859516981465774 0.8076686603851835 0.07707248065886738 1.0142738702477982
0 0.7358268203125001 0.14807553281250002 0.6986108149856729 0.022194250755132372 0.6313492413490892 0.04207970983084384 0.6685652466759164 0.16796099188821148
0 0.5087584484375001 0.14051485624999996 0.4765025981112741 0.02887185200917013 0.40844784071328305 0.04853420419634289 0.44070369103950907 0.1601772084371727
0 0.8106987531249998 0.1505640828125001 0.757934269596457 0.018905119521713854 0.6943943695379825 0.04436977400661864 0.7471588530665253 0.1760287372974049
0 0.6613047546875 0.1468312578125 0.625461567460501 0.027325436860005214 0.556961607986779 0.04787051870530266 0.592804795213778 0.16737633965779744
0 0.5850559468750001 0.14449500312500002 0.5476684826492381 0.026639700335942252 0.4801561611774964 0.04805676383745183 0.5175436254032584 0.1659120666265096
0 0.9569911281250004 0.15180835781249993 0.8994800922607844 0.017831631613654995 0.839803004914082 0.04344870114537591 0.8973140407782978 0.17742542734422084
1 0.8843692453124999 0.15180835781250002 0.8270384872354359 0.021010118498657658 0.7639694886766686 0.048654171794050426 0.8213002467537327 0.17945241110789278
0 1.0000000398717208 0.04603183094691274 0.9149865875 0.04577373281250011 0.9146616757532792 0.15279453467808748 0.999675128125 0.1530526328125001