0 0.128635453125 0.7759271218750001 0.08740511892292706 0.6436124323073257 0.023071757812499993 0.6636592312500001 0.06430209201457293 0.7959739208176746
0 0.2041486515625 0.7733163078124999 0.1582807552165561 0.6413490288263525 0.09705532812499998 0.6626291640625 0.14292322447094385 0.7945964430486475
1 0.45410136874999996 0.7697261718749998 0.414605838021808 0.6379083326997034 0.34336268125 0.6592543531249999 0.38285821197819203 0.7910721923002965
0 0.37196816093749996 0.7693325578125001 0.3307809245131953 0.6341964096315533 0.2594854671875 0.6559260718750001 0.3006727036118047 0.7910622200559468
0 0.291839375 0.7704043140625 0.24838465375232532 0.6306365049918976 0.17461915624999996 0.6535706781249999 0.21807387749767465 0.7933384871956023
0 0.5295279640624999 0.768207228125 0.4941688202267497 0.6360975865199101 0.4198622499999999 0.6559857390625001 0.4552213938357502 0.78809538066759
0 0.6136591921875 0.765915825 0.5787547311084429 0.6317207272906213 0.5011470643369411 0.6519066642622444 0.5360515254159982 0.7861017619716231
1 0.9399013453125 0.768798046875 0.9144853315941477 0.616752028682082 0.8334090312499999 0.6303047437500001 0.8588250449683523 0.7823507619429181
1 0.8581950296875 0.7672524062499999 0.828427729523186 0.6108427118037649 0.744408856910246 0.626832865159613 0.77417615707456 0.7832425596058481
1 0.6939131859375001 0.7664795828125001 0.6575479355414361 0.6075836333535782 0.581388940625 0.6250135359375 0.6177541910210641 0.7839094853964218
1 0.7704042031249999 0.7664795828125002 0.7429591410724224 0.6131172483228786 0.662776075 0.6274664640625 0.6902211370525775 0.7808287985521215
0 0.16994782656250002 0.651116928125 0.11714174032117497 0.4770660055075443 0.039626109374999996 0.50058381875 0.09243219561632506 0.6746347413674557
0 0.087942709375 0.6536304937499999 0.08130280291635117 0.48731149305251653 -0.0045517580641713795 0.49073904042574734 0.0020881483944774374 0.6570580411232307
0 0.4965544140625 0.6445816531250002 0.4567957079739329 0.4813930151792065 0.3759852390624999 0.50108139375 0.41574394515106705 0.6642700316957937
0 0.25647736406250005 0.6430735140625001 0.20010023153068088 0.47885413342146854 0.12590264638831017 0.5043264441486423 0.1822797789201293 0.6685458247896737
0 0.41624595468750003 0.6440789390625 0.36858582665549616 0.4744219140114077 0.29158667656250004 0.49605255000000004 0.33924680459450385 0.6657095750510924
1 0.33565471875 0.6410626578125 0.28221612474701424 0.47256551163513005 0.20815918125000005 0.4960525500000001 0.2615977752529859 0.66454969617737
0 0.5802288053125119 0.6428233587647098 0.540014903240074 0.47709492951370824 0.46188727812499997 0.4960525499999999 0.5021011801974378 0.6617809792510014
0 0.9996038484375 0.635293078125 0.9845884702314136 0.48279414685180766 0.8975937312500001 0.49135983906250014 0.9126091094560866 0.6438587703356925
1 0.9136317359374999 0.6265393078124999 0.8925806884194113 0.48113665454444987 0.8075033875000001 0.4934539421875 0.8285544350180885 0.6388565954555501
0 0.7439836468750001 0.6234676921875 0.7144750209524243 0.47674748641610576 0.6309900781250001 0.49353812500000005 0.6604987040475758 0.6402583307713943
1 0.827907434375 0.6248645968750001 0.8016525591184761 0.47473934029629145 0.7185906953125 0.48926573593750006 0.7448455705690237 0.6393909925162087
0 0.65943354375 0.6209541250000001 0.6262550320996697 0.4748756748452683 0.5468555703125001 0.49290951875000005 0.5800340819628305 0.6389879689047319
0 0.1361404953125 0.38551804218749997 0.08368966614571789 0.18360847052660087 0.005062939062500005 0.2040336390625 0.05751376822928213 0.40594321072339906
0 0.8777782765625002 0.3863207609375001 0.8485607890632274 0.1853532900357651 0.7552828937500001 0.19891441875000002 0.7845003812492729 0.399881889651735
0 0.214480925 0.38591939999999997 0.1662848504564705 0.18395762267440727 0.0905701125 0.20202615625 0.13876618704352944 0.4039879335755927
0 0.6892645640625001 0.3827085218750001 0.6514661792660398 0.18054879929975734 0.5612926265625 0.1974088078125 0.5990910113589603 0.3995685303877428
1 0.9718213828125 0.382723178125 0.9471786119292792 0.18987148582755375 0.8517006234375 0.20207175312499998 0.8763433943207207 0.3949234454224463
0 0.32239655937500006 0.38310988281249997 0.2701775082399542 0.17679221453163857 0.1887212703125 0.19740880781249998 0.24094032144754585 0.4037264760933613
0 0.5982654000000002 0.38159538125 0.557745176951543 0.1834492055538452 0.4698485187500001 0.201423775 0.5103687417984573 0.39956995069615475
1 0.7838600671875 0.3839126031250001 0.7498287547668049 0.18156191672445554 0.65560290625 0.19740880781250003 0.689634218670695 0.3997594942130446
1 0.42015277187500005 0.37909628281249996 0.36383747223358553 0.17447942766576524 0.27435702496681913 0.19910652007348553 0.33067232460823365 0.4037233752202202
1 0.5107099042076572 0.3776232273299735 0.46123455971922855 0.17579318109432934 0.3730556296875001 0.1974088078125 0.4225309741759287 0.3992388540481442
0 0.9704557234375001 0.9610863312499998 0.9542567954448966 0.8522140878961947 0.87728301875 0.8636668937499999 0.8934819467426036 0.972539137103805
0 0.8945505296875 0.96140015 0.8742594161953818 0.8494617759124006 0.7980599359374999 0.8632744859374999 0.8183510494296181 0.9752128600250993
0 0.09034761875000001 0.20076060312500005 0.07810997981683926 0.010986174522442497 -0.012237638933160747 0.016812257334942474 0 0.20658668593750001
1 0.8167962921875 0.9620053078125002 0.7941403357567388 0.8449892683247157 0.7186738234375 0.8596006500000002 0.741329779868261 0.9766166894877847
0 0.7410730328125 0.9610226859375001 0.7144037716133644 0.8414952258076319 0.6424361359374998 0.8575528218749998 0.6691053971366354 0.977080282004868
0 0.6671921890624999 0.958729903125 0.6377279305786737 0.8398392663864106 0.5638968055965032 0.8581365807107459 0.5933610640803295 0.9770272174493353
0 0.27426350312500003 0.19599613593750004 0.21836633653452814 -0.008537918644799174 0.1312652203125 0.015265968750000003 0.18716238690297188 0.2198000233322992
0 0.367728953125 0.1906361078125 0.3142104464719673 -0.008266776149787446 0.22675040468750002 0.015265968749999992 0.2802689113405327 0.21416885271228744
0 0.18146805781249992 0.1977828109375 0.11890422196695491 -0.018961667540703324 0.033865934375 0.005584846874999998 0.09642977022054501 0.22232932535320332
0 0.46085940000000003 0.19480501875000006 0.41459509718471865 -0.0108253361761237 0.3217971734375 0.010053056250000003 0.3680614762527813 0.21568341117612375
0 0.8477862609375 0.19599613593749998 0.8166494557815301 -0.010508813183622267 0.7197913703124998 0.004095443750000016 0.7509281754684698 0.21060039287112228
0 0.7549908140625 0.19361389999999998 0.7126928777183592 -0.014331137289488583 0.6184430609375001 0.00484014374999997 0.6607409972816408 0.2127851810394885
0 0.6581753484374998 0.1936139015625 0.6129374628686849 -0.016499844184402514 0.5172797406249999 0.004095443750000016 0.5625176261938148 0.21420918949690254
0 0.5586798703125001 0.19301834218749997 0.5121755438462767 -0.020385680517863734 0.41862755468750007 1.1102230246251566e-17 0.46513188115372345 0.21340402270536368
0 0.9472817390625 0.19301834218749997 0.9236841167571741 -0.01170521112747135 0.8221343765625001 0 0.8457319988678259 0.20472355331497133
0 0.36599945 0.9587041328125 0.33234894909934687 0.8335882723828041 0.2641731796875 0.8519244671875003 0.29782368058815306 0.9770403276171962
0 0.5863061078125001 0.9529814828125003 0.5612443344929631 0.8434656047675366 0.49124155156250005 0.8594851437500001 0.5163033248820372 0.9690010217949638
0 0.2942619015625 0.9601764109375 0.2578139238700571 0.8302205571281602 0.189301246875 0.8494359171875001 0.22574922456744292 0.9793917709968397
0 0.4426828906250001 0.95223610625 0.4073516558136479 0.8328504277097479 0.33869524531249995 0.8531687421875 0.3740264801238521 0.9725544207277521
0 0.5170353609374999 0.9528341749999996 0.4837551578493925 0.8359179209866227 0.4149440531249999 0.8555049968749998 0.44822425621310735 0.9724212508883768
0 0.15952777968749995 0.9568385671874999 0.10300050597422708 0.8228771608464989 0.04300887187499995 0.8481916421874999 0.09953614558827284 0.9821530485285009
0 0.2272389171875 0.9551993109374999 0.18263154061236825 0.8252011004201469 0.11563075468750002 0.8481916421875002 0.16023813126263178 0.9781898527048531
0 0.08501341250000011 0.8469473671875001 1.06763232920002e-16 0.8469473671875001 1.1333217099505444e-16 0.9542262671874999 0.08501341250000011 0.9542262671874999