0 0.3563875676926745 0.912594881077073 0.2240728781250001 0.871364546875 0.2040260791823257 0.9356979079854268 0.3363407687500001 0.9769282421875
0 0.35865097117364775 0.841719244783444 0.22668369218750004 0.7958513484374999 0.20540355695135246 0.857076775529056 0.33737083593750017 0.9029446718750002
1 0.36209166730029657 0.585394161978192 0.230273828125 0.54589863125 0.20892780769970337 0.617141788021808 0.34074564687500003 0.65663731875
0 0.3658035903684468 0.6692190754868048 0.23066744218750007 0.6280318390625 0.2089377799440534 0.6993272963881954 0.3440739281250001 0.7405145328125001
0 0.36936349500810245 0.7516153462476749 0.22959568593750004 0.7081606250000001 0.20666151280439768 0.7819261225023253 0.3464293218750001 0.8253808437500002
0 0.36390241348009006 0.5058311797732503 0.23179277187500005 0.4704720359375 0.21190461933241006 0.5447786061642499 0.3440142609375001 0.5801377500000001
0 0.36827927270937877 0.42124526889155717 0.234084175 0.3863408078125 0.21389823802837693 0.4639484745840017 0.3480933357377557 0.4988529356630589
1 0.38324797131791805 0.08551466840585235 0.23120195312499994 0.06009865468750002 0.21764923805708186 0.14117495503164765 0.36969525624999994 0.16659096874999998
1 0.3891572881962352 0.17157227047681406 0.23274759375000004 0.14180497031250003 0.21675744039415196 0.22582384292544005 0.37316713484038705 0.25559114308975406
1 0.3924163666464217 0.34245206445856397 0.23352041718750005 0.3060868140625 0.21609051460357825 0.382245808978936 0.37498646406249997 0.418611059375
1 0.3868827516771214 0.2570408589275775 0.2335204171875 0.22959579687500004 0.2191712014478786 0.3097788629474226 0.3725335359375 0.3372239250000001
0 0.5229339944924559 0.8828582596788251 0.3488830718750001 0.8300521734374999 0.32536525863254434 0.9075678043836748 0.49941618125000015 0.9603738906250001
0 0.5127196510592706 0.9186984404412218 0.3463695062500002 0.9120572906250002 0.3429419588767693 0.9979118516055226 0.5092921036860398 1.0045530014217443
0 0.5186069848207937 0.5432042920260672 0.3554183468750001 0.5034455859375 0.33572996830420654 0.584256054848933 0.4989186062500002 0.6240147609375001
0 0.5211458665785317 0.7998997684693192 0.35692648593750004 0.7435226359375001 0.3314541752103264 0.8177202210798707 0.495673555851358 0.8740973536116898
0 0.5255780859885923 0.631414173344504 0.35592106093750003 0.5837540453125001 0.3342904249489077 0.6607531954054962 0.5039474500000001 0.7084133234375001
1 0.5274344883648701 0.7177838752529858 0.35893734218750006 0.66434528125 0.3354503038226301 0.7384022247470143 0.5039474500000001 0.7918408187500001
0 0.5229050704862916 0.45998509675992605 0.35717664123529025 0.4197711946874881 0.3382190207489985 0.4978988198025622 0.5039474499999999 0.538112721875
0 0.5172058531481925 0.015411529768586596 0.36470692187500003 0.00039615156250004114 0.3561412296643076 0.08739089054391354 0.5086401609375001 0.10240626875000007
1 0.5188633454555502 0.10741931158058864 0.37346069218750005 0.08636826406250006 0.36114340454445 0.17144556498191152 0.5065460578125002 0.1924966125000001
0 0.5232525135838942 0.28552497904757573 0.3765323078124999 0.25601635312500004 0.3597416692286057 0.3395012959524243 0.5064618750000001 0.369009921875
1 0.5252606597037086 0.19834744088152373 0.37513540312500004 0.17209256562500008 0.3606090074837915 0.2551544294309764 0.5107342640625 0.2814093046875001
0 0.5251243251547318 0.3737449679003304 0.3790458750000001 0.34056645625000004 0.36101203109526836 0.41996591803716965 0.5070904812500001 0.45314442968750007
0 0.8163915294733991 0.9163103338542822 0.6144819578125 0.8638595046875002 0.594056789276601 0.9424862317707181 0.7959663609375001 0.9949370609375
0 0.8146467099642349 0.15143921093677293 0.6136792390625 0.12222172343750007 0.600118110348265 0.2154996187507272 0.80108558125 0.24471710625000007
0 0.8160423773255928 0.8337151495435295 0.6140806000000002 0.7855190750000001 0.5960120664244075 0.8612338129564707 0.79797384375 0.9094298875000002
0 0.8194512007002427 0.3485338207339604 0.6172914781250001 0.3107354359375001 0.6004314696122574 0.40090898864103985 0.8025911921875 0.4387073734375001
1 0.8101285141724462 0.05282138807072092 0.6172768218749999 0.02817861718750008 0.6050765545775536 0.12365660567927927 0.797928246875 0.14829937656250008
0 0.8232077854683617 0.729822491760046 0.6168901171875001 0.6776034406250001 0.5962735239066387 0.7590596785524543 0.8025911921875002 0.8112787296875001
0 0.8218924876556706 0.5387654402807717 0.6200624428939572 0.4892900961536532 0.5984468161757865 0.5774690261853817 0.8002768609375 0.6269443703125
0 0.8165507944461549 0.44225482304845726 0.61840461875 0.4017346 0.6004300493038452 0.48963125820154285 0.798576225 0.5301514812500001
1 0.8184380832755445 0.2501712452331951 0.616087396875 0.21613993281250007 0.6002405057869555 0.3103657813293051 0.8025911921875 0.34439709375000016
1 0.8255205723342346 0.6361625277664146 0.6209037171875 0.579847228125 0.5962766247797797 0.6693276753917663 0.8008934799265145 0.725642975033181
0 0.14778591210380515 0.04574320455510337 0.038913668750000005 0.029544276562500006 0.027460862896194836 0.10651805325739663 0.13633310625 0.12271698125
0 0.15053822408759926 0.1257405838046181 0.03859985000000001 0.1054494703125 0.024787139974900757 0.1816489505703819 0.13672551406250003 0.20194006406250004
0 0.9839893312499999 0.9096523812499999 0.7933457031250002 0.9096523812499999 0.7933457031250002 1 0.9839893312499999 1
1 0.15501073167528445 0.20585966424326116 0.037994692187500026 0.1832037078125 0.023383310512215573 0.25867022013173885 0.14039934999999998 0.28132617656250003
0 0.15850477419236803 0.28559622838663545 0.03897731406250003 0.2589269671875 0.02291971799513206 0.3308946028633646 0.14244717812500002 0.3575638640625
0 0.1601607336135894 0.3622720694213263 0.04127009687500003 0.3328078109375 0.02297278255066455 0.4066389359196704 0.14186341928925392 0.4361031944034967
0 1.0085379186447994 0.7816336634654721 0.8040038640624999 0.7257364968750001 0.7801999766677007 0.8128376130970283 0.98473403125 0.8687347796875002
0 1.0082667761497874 0.685789553528033 0.8093638921875002 0.6322710468750002 0.7858311472877128 0.7197310886594674 0.9847340312500001 0.7732495953125001
0 1.0189616675407032 0.8810957780330451 0.8022171890625 0.8185319421875 0.7776706746467966 0.9035702297794549 0.9944151531250001 0.9661340656249999
0 1.0108253361761237 0.5854049028152813 0.80519498125 0.5391406 0.7843165888238764 0.6319385237472188 0.98994694375 0.6782028265625002
0 1.0105088131836224 0.18335054421847002 0.8040038640625001 0.1522137390625001 0.7893996071288778 0.24907182453153026 0.99590455625 0.2802086296875002
0 1.0143311372894888 0.2873071222816409 0.8063860999999999 0.24500918593750015 0.7872148189605113 0.33925900271835935 0.9951598562500001 0.3815569390625001
0 1.0164998441844024 0.3870625371313151 0.8063860984374998 0.34182465156250014 0.7857908105030973 0.43748237380618515 0.99590455625 0.4827202593750002
0 1.020423050917504 0.48792242775631395 0.8069816578125002 0.4413201296875002 0.7865586068949961 0.5348589597436865 1 0.5814612578125001
0 1.0117230826588595 0.07631794321902736 0.8069816578125 0.052718260937500094 0.7952585751536405 0.15442304740597285 1 0.17802272968750013
0 0.16641172761719614 0.6676510509006531 0.04129586718750007 0.63400055 0.022959672382804008 0.7021763194118469 0.14807553281250008 0.7358268203125
0 0.1565343952324636 0.43875566550703704 0.04701851718750007 0.4136938921875 0.030998978205036477 0.483696675117963 0.14051485625000001 0.5087584484375001
0 0.1697794428718399 0.7421860761299429 0.039823589062500095 0.7057380984375 0.020608229003160304 0.7742507754325572 0.1505640828125001 0.8106987531250001
0 0.16714957229025199 0.5926483441863521 0.04776389375000008 0.5573171093750001 0.027445579272248156 0.625973519876148 0.14683125781250006 0.6613047546875002
0 0.16408207901337737 0.5162448421506076 0.047165825000000064 0.48296463906250003 0.02757874911162279 0.5517757437868925 0.1444950031250001 0.5850559468750001
0 0.17712283915350113 0.896999494025773 0.04316143281250011 0.8404722203125001 0.017846951471499083 0.9004638544117274 0.1518083578125001 0.9569911281250001
0 0.17479889957985323 0.817368459387632 0.04480068906250008 0.7727610828125 0.021810147295146853 0.8397618687373681 0.15180835781250002 0.8843692453125002
0 0.15305263281249998 0.999675128125 0.1527945346780874 0.9146616757532794 0.0457737328125 0.9149865875 0.04603183094691261 1.0000000398717206