0 0.9769282421875 0.6636592312500001 0.913709929802249 0.6421595197087702 0.8685436055866974 0.7749677570693777 0.9317619179719484 0.7964674686106077
0 0.902944671875 0.6626291640625002 0.8419146621713693 0.6410943041955459 0.7953247783961286 0.7731305039414843 0.8563547880997593 0.7946653638084384
1 0.6566373187500002 0.6592543531250001 0.5857137655186226 0.637396486798268 0.5450151152477551 0.7694538818698506 0.6159386684791326 0.7913117481965826
0 0.7405145328125001 0.6559260718750002 0.6699257983370699 0.6333081942827331 0.626498602684423 0.7688412817898165 0.6970873371598533 0.7914591593820837
0 0.8253808437500002 0.6535706781250001 0.7522703008367061 0.6297025002825724 0.7065115633299272 0.769865949886199 0.7796221062432211 0.7937341277286267
0 0.5801377500000001 0.6559857390625001 0.5070542931206239 0.633976102381217 0.46694908948528796 0.767146266112916 0.5400325463646641 0.7891559027941991
0 0.4985694046875001 0.6518329171875 0.42086978613268844 0.6318249330146515 0.3863408078125 0.7659158250000001 0.46404042636731174 0.7859238091728487
1 0.16659096875000018 0.63030474375 0.08594500142005732 0.615536132028436 0.05795035301875604 0.7684046306353924 0.1385963203486989 0.7831732423569563
1 0.25378077031250007 0.626488321875 0.16933863330156912 0.6115554579498002 0.14180497031250008 0.76725240625 0.22624710732343103 0.7821852701751999
1 0.41861105937500004 0.6250135359375001 0.34287380066495443 0.6067201205190137 0.30438511973273663 0.7660685592050994 0.3801223784427823 0.7843619746235858
1 0.33722392500000004 0.6274664640625 0.2589521962054838 0.6085002097544561 0.22116666778641295 0.7644370955907196 0.29943839658092913 0.7834033498987635
0 0.9603738906249999 0.5005838187500002 0.8845904361966888 0.4746960160987517 0.8249231614935832 0.6493648458268038 0.9007066159218944 0.6752526484780522
0 1.000306531508525 0.49056139390868025 0.9142387257597091 0.48941804976936565 0.9120572906250001 0.65363049375 0.9981250963738161 0.6547738378893146
0 0.6240147609375001 0.50108139375 0.5454428919600528 0.4772593102013346 0.4954478656998901 0.6421568366839671 0.5740197346773372 0.6659789202326325
0 0.8723508125000002 0.5037268500000001 0.7975258928970441 0.479086012594031 0.7435226359375001 0.6430735140625001 0.8183475555404561 0.6677143514684691
0 0.7084133234375 0.4960525500000001 0.6334971247161559 0.4717466081531999 0.5781728171711122 0.6422681556945012 0.6530890158924564 0.6665740975413014
1 0.79184081875 0.4960525500000001 0.7192101076603226 0.4706339755219628 0.6600867517424184 0.6395722999758305 0.7327174628320957 0.664990874453868
0 0.538112721875 0.4960525500000001 0.46042699075343946 0.47614419001890085 0.4178436983367632 0.6423112780207946 0.4955294294583238 0.6622196380018938
0 0.1024062687500001 0.4913598390625 0.016083040488868983 0.4797843316363816 -0.004678642147888701 0.6346125740073492 0.0816445861132424 0.6461880814334675
1 0.19249661250000008 0.4934539421875 0.10796796283539623 0.47926980880291803 0.08334098843670794 0.626031322869661 0.16786963810131178 0.640215456254243
0 0.36900992187500004 0.493538125 0.2865890282423552 0.4743195493088074 0.2520281036790696 0.622537728067072 0.3344489973117143 0.6417563037582646
1 0.28140930468750003 0.4892657359375 0.19902215836703865 0.4731035137058342 0.16935588729774226 0.6243277315352336 0.2517430336182037 0.6404899537668994
0 0.45314442968750007 0.49290951875000005 0.3749404483175832 0.4726445774539762 0.3367644024585439 0.6199689015428498 0.41496838382846074 0.6402338428388736
0 0.9949370609375002 0.20403363906250016 0.9191297839529012 0.179055234159541 0.8523501101721085 0.38172571079361883 0.9281573871567075 0.40670411569657794
0 0.24471710625000004 0.19891441875000004 0.15236633958754528 0.18264053922188594 0.11664729335660613 0.3853384452854174 0.20899806001906085 0.40161232481353143
0 0.9094298875 0.20202615625000017 0.8348457630172923 0.1816898886548855 0.7796001464067824 0.38430553221536246 0.8541842708894901 0.40464179981047704
0 0.4387073734375001 0.19740880781250011 0.3493803455118603 0.17853766288765374 0.30643914471406297 0.3818008913828682 0.3957661726397027 0.4006720363077146
1 0.14829937656250008 0.20207175312500003 0.05344074202185102 0.18724034133756567 0.023002980490385794 0.3819139529080361 0.11786161503103484 0.39674536469547045
0 0.8112787296875 0.19740880781250011 0.7303466881192724 0.17587558512721532 0.6753671066862087 0.38251487154416264 0.7562991482544363 0.40404809422944743
0 0.53015148125 0.20142377500000008 0.44313337645866324 0.18140450333310504 0.3973118093063774 0.38057787979287505 0.4843299140977141 0.4005971514597701
1 0.34439709375 0.19740880781250003 0.2512353614195458 0.1787290212629527 0.21032783034544242 0.3827472229761678 0.30348956267589666 0.40142700952571514
1 0.7231214937500001 0.1984125500000001 0.6330282645463063 0.1749435903422967 0.579847228125 0.3790962828125001 0.6699404573286938 0.4025652424702034
1 0.6269443703124999 0.19740880781250006 0.5401315902472055 0.17364181055041067 0.48465577227700257 0.37627615814094695 0.571468552342297 0.40004315540303625
0 0.12271698125000012 0.8636668937500002 0.04650217609529663 0.8498964226389202 0.02651142051229376 0.9605383556101141 0.10272622566699725 0.9743088267211941
0 0.20194006406250012 0.8632744859374999 0.12625540089803017 0.8481222510731076 0.10364907944118015 0.9610397078154234 0.1793337426056501 0.9761919426798157
0 1 0.016023110937500123 0.9096523812499999 0.01602311093750012 0.9096523812499999 0.20658668593750007 1 0.20658668593750007
1 0.28132617656250003 0.85960065 0.2072073090840741 0.8422191245501576 0.17932945884179335 0.9610967623992425 0.2534483263202193 0.978478287849085
0 0.35756386406250007 0.8575528218750001 0.28648033912320087 0.839840350745833 0.25643882073318836 0.9604026938609286 0.32752234567248756 0.9781151649900955
0 0.4354003171875 0.8579623890624999 0.36125914062259906 0.8401703583808591 0.3328078109375001 0.958729903125 0.40694898750240105 0.9765219338066409
0 0.8687347796875 0.015265968750000126 0.7833145732119858 -0.011134747446222138 0.7198583880608592 0.1941793962107338 0.8052785945363734 0.22058011240695605
0 0.7732495953125001 0.015265968750000058 0.6863131170153309 -0.009179077592960905 0.630285499518746 0.19007780595704807 0.7172219778159152 0.21452285230000903
0 0.9661340656249999 0.005584846875000116 0.8819105228103113 -0.02016843675390243 0.8155460890739572 0.1968698177346792 0.8997696318886458 0.22262310136358177
0 0.6782028265625 0.010053056250000103 0.5878545705146705 -0.015143090660351643 0.5300144181290158 0.19225992680013254 0.6203626741768453 0.2174560737104843
0 0.2802086296875001 0.00409544375000005 0.18493444949671 -0.015084562393252936 0.14282163071648707 0.19410537502605596 0.2380958109072772 0.21328538116930895
0 0.38155693906250004 0.004840143750000048 0.2878956340986061 -0.015689457314095177 0.24215557602490198 0.19298841786390586 0.3358168809887959 0.2135180189280011
0 0.482720259375 0.004095443750000061 0.3878378885433643 -0.01813730234048424 0.3384081348853674 0.1928133466529755 0.43329050571700306 0.21504609274345982
0 0.5813724453125 6.661338147750939e-17 0.48864571112323363 -0.022092531148639894 0.43760550903160145 0.19213331832395802 0.5303322432208678 0.21422584947259798
0 0.17786562343750004 2.4980018054066023e-17 0.07704436018817513 -0.01417460433439876 0.04800791455516131 0.19235610791175498 0.1488291778044862 0.20653071224615377
0 0.7358268203125 0.8519244671875 0.6685652466759162 0.8320390081117885 0.6313492413490891 0.9579202901691563 0.6986108149856729 0.9778057492448677
0 0.5087584484375001 0.8594851437500001 0.4407036910395091 0.8398227915628272 0.4084478407132831 0.9514657958036571 0.4765025981112741 0.9711281479908298
0 0.8106987531250001 0.8494359171875001 0.7471588530665254 0.8239712627025954 0.6943943695379826 0.9556302259933815 0.7579342695964573 0.9810948804782864
0 0.6613047546875002 0.8531687421875003 0.5928047952137782 0.8326236603422028 0.5569616079867791 0.9521294812946977 0.6254615674605011 0.972674563139995
0 0.5850559468750002 0.8555049968750001 0.5175436254032585 0.8340879333734905 0.48015616117749643 0.9519432361625484 0.5476684826492382 0.9733602996640579
0 0.9569911281250001 0.8481916421875002 0.8973140407782976 0.8225745726557792 0.8398030049140818 0.9565512988546241 0.8994800922607842 0.9821683683863451
0 0.8843692453125002 0.8481916421875002 0.8213002467537327 0.8205475888921075 0.7639694886766687 0.9513458282059496 0.8270384872354362 0.9789898815013423
0 1.0001820954775782 0.9539556497116578 0.9998421895881261 0.8469468365286362 0.9146466816105481 0.8472174540044783 0.9149865875000002 0.9542262671874999