0 0.7964674686106077 0.06823808202805193 0.66365923125 0.023071757812500104 0.6421595197087699 0.08629007019775112 0.7749677570693775 0.13145639441330295
0 0.7946653638084384 0.14364521190024082 0.6626291640625 0.09705532812500006 0.6410943041955457 0.15808533782863085 0.7731305039414841 0.20467522160387164
0 0.7913117481965825 0.3840613315208675 0.6592543531249999 0.3433626812500001 0.637396486798268 0.41428623448137747 0.7694538818698504 0.45498488475224497
0 0.7914591593820834 0.30291266284014684 0.655926071875 0.2594854671875001 0.6333081942827329 0.3300742016629302 0.7688412817898164 0.37350139731557697
0 0.7937341277286266 0.22037789375677894 0.6535706781249999 0.17461915625000005 0.6297025002825722 0.24772969916329415 0.7698659498861989 0.29348843667007307
0 0.7891559027941989 0.45996745363533603 0.6559857390625001 0.4198622500000001 0.633976102381217 0.4929457068793763 0.7671462661129158 0.5330509105147122
0 0.7859238091728485 0.5359595736326884 0.6518329171875 0.5014305953125 0.6318249330146515 0.5791302138673118 0.765915825 0.6136591921875001
1 0.7831732423569564 0.8614036796513013 0.63030474375 0.8334090312500001 0.6155361320284362 0.914054998579943 0.7684046306353925 0.9420496469812442
0 0.7821852701752 0.7737528926765692 0.626488321875 0.7462192296875001 0.6115554579498002 0.830661366698431 0.7672524062500001 0.8581950296875
1 0.7843619746235856 0.6198776215572177 0.6250135359375 0.581388940625 0.6067201205190137 0.6571261993350456 0.7660685592050992 0.6956148802672633
1 0.7834033498987634 0.7005616034190709 0.6274664640625001 0.662776075 0.6085002097544561 0.7410478037945163 0.7644370955907194 0.7788333322135872
0 0.6752526484780519 0.09929338407810548 0.5005838187499999 0.039626109375000065 0.4746960160987516 0.11540956380331129 0.6493648458268036 0.1750768385064167
0 0.6547738378893145 0.0018749036261840588 0.4905613939086801 -0.00030653150852513744 0.4894180497693655 0.08576127424029087 0.6536304937499999 0.08794270937500007
0 0.6659789202326325 0.4259802653226628 0.50108139375 0.3759852390625 0.4772593102013346 0.45455710803994726 0.6421568366839671 0.50455213430011
0 0.667714351468469 0.18165244445954395 0.50372685 0.12764918750000007 0.479086012594031 0.20247410710295619 0.6430735140625001 0.2564773640625001
0 0.6665740975413015 0.34691098410754384 0.4960525500000001 0.2915866765625001 0.47174660815319996 0.3665028752838442 0.6422681556945014 0.42182718282888787
1 0.6649908744538677 0.2672825371679043 0.4960525499999999 0.20815918125000005 0.47063397552196273 0.2807898923396774 0.6395722999758305 0.3399132482575816
0 0.6622196380018937 0.5044705705416763 0.49605255000000004 0.46188727812500013 0.47614419001890085 0.5395730092465606 0.6423112780207945 0.5821563016632367
0 0.6461880814334675 0.9183554138867576 0.49135983906250014 0.8975937312499997 0.4797843316363816 0.9839169595111311 0.634612574007349 1.0046786421478888
1 0.6402154562542429 0.8321303618986882 0.4934539421875 0.8075033875000001 0.4792698088029182 0.8920320371646039 0.626031322869661 0.916659011563292
1 0.6417563037582646 0.6655510026882858 0.49353812500000005 0.6309900781250001 0.4743195493088074 0.7134109717576449 0.6225377280670721 0.7479718963209308
1 0.6404899537668994 0.7482569663817965 0.48926573593750006 0.7185906953125001 0.4731035137058342 0.8009778416329615 0.6243277315352337 0.8306441127022579
1 0.6402338428388736 0.5850316161715396 0.49290951875000005 0.5468555703125002 0.4726445774539762 0.6250595516824171 0.6199689015428499 0.6632355975414563
0 0.4067041156965779 0.0718426128432928 0.2040336390625 0.005062939062500027 0.17905523415954092 0.0808702160470988 0.38172571079361883 0.14764988982789157
0 0.40161232481353154 0.7910019399809393 0.19891441875000004 0.75528289375 0.18264053922188597 0.8476336604124548 0.3853384452854175 0.8833527066433939
0 0.4046417998104769 0.14581572911051 0.20202615625 0.09057011250000002 0.1816898886548854 0.1651542369827078 0.38430553221536223 0.22039985359321781
0 0.4006720363077145 0.6042338273602974 0.19740880781250006 0.5612926265625001 0.17853766288765377 0.6506196544881397 0.3818008913828682 0.6935608552859371
1 0.39674536469547056 0.8821383849689655 0.20207175312500011 0.8517006234375002 0.18724034133756573 0.9465592579781493 0.38191395290803615 0.9769970195096146
0 0.4040480942294472 0.24370085174556372 0.19740880781249998 0.1887212703125 0.1758755851272152 0.2696533118807277 0.38251487154416247 0.32463289331379136
0 0.40059715145977004 0.515670085902286 0.201423775 0.4698485187500001 0.181404503333105 0.5568666235413369 0.38057787979287505 0.6026881906936227
1 0.40142700952571514 0.6965104373241033 0.1974088078125001 0.6556029062500002 0.17872902126295281 0.7487646385804543 0.3827472229761678 0.7896721696545576
0 0.40256524247020337 0.3300595426713062 0.19841255000000002 0.27687850625 0.17494359034229662 0.3669717354536938 0.3790962828125 0.42015277187500005
1 0.40004315540303637 0.42853144765770307 0.19740880781250003 0.3730556296875001 0.17364181055041067 0.4598684097527945 0.376276158140947 0.5153442277229976
0 0.974308826721194 0.897273774333003 0.8636668937499999 0.87728301875 0.84989642263892 0.9534978239047035 0.960538355610114 0.9734885794877064
0 0.9761919426798157 0.8206662573943501 0.8632744859375 0.7980599359375 0.8481222510731078 0.8737445991019701 0.9610397078154234 0.89635092055882
0 0.20658668593750001 2.2204460492503132e-17 0.01681225733494248 -0.01223763893316081 0.010986174522442476 0.0781099798168392 0.200760603125 0.09034761875000004
1 0.9784782878490847 0.7465516736797808 0.85960065 0.7186738234375001 0.8422191245501576 0.7927926909159261 0.9610967623992425 0.8206705411582067
0 0.9781151649900958 0.6724776543275126 0.8575528218750001 0.6424361359375002 0.839840350745833 0.7135196608767993 0.9604026938609287 0.7435611792668119
0 0.9765219338066409 0.5930510124975992 0.8579623890624999 0.5645996828125002 0.8401703583808591 0.6387408593774011 0.958729903125 0.6671921890625001
0 0.22058011240695596 0.19472140546362646 0.015265968750000025 0.13126522031249999 -0.011134747446222138 0.21668542678801422 0.1941793962107338 0.28014161193914067
0 0.21452285230000898 0.2827780221840849 0.015265968750000025 0.22675040468750002 -0.009179077592960938 0.3136868829846692 0.19007780595704798 0.36971450048125404
0 0.22262310136358168 0.10023036811135408 0.005584846875000005 0.033865934375000004 -0.02016843675390254 0.11808947718968851 0.19686981773467913 0.1844539109260426
0 0.21745607371048417 0.3796373258231548 0.010053056250000025 0.3217971734375 -0.015143090660351754 0.41214542948532956 0.1922599268001324 0.46998558187098427
0 0.21328538116930895 0.7619041890927228 0.004095443750000083 0.7197913703124998 -0.015084562393252865 0.8150655505032901 0.194105375026056 0.857178369283513
0 0.21351801892800104 0.664183119011204 0.004840143750000081 0.6184430609374999 -0.01568945731409508 0.7121043659013938 0.1929884178639059 0.7578444239750979
0 0.21504609274345982 0.5667094942829969 0.004095443750000061 0.517279740625 -0.018137302340484208 0.6121621114566357 0.19281334665297556 0.6615918651146326
0 0.21422584947259787 0.4696677567791322 4.4408920985006264e-17 0.41862755468749996 -0.02209253114863986 0.5113542888767663 0.19213331832395797 0.5623944909683984
0 0.20653071224615377 0.8511708221955138 1.1102230246251565e-16 0.8221343765624999 -0.01417460433439861 0.9229556398118246 0.19235610791175503 0.9519920854448385
0 0.9778057492448677 0.3013891850143272 0.8519244671875 0.2641731796875001 0.8320390081117885 0.33143475332408384 0.9579202901691563 0.368650758650911
0 0.9711281479908298 0.5234974018887261 0.8594851437500001 0.49124155156250005 0.8398227915628272 0.559296308960491 0.9514657958036569 0.591552159286717
0 0.9810948804782862 0.24206573040354282 0.8494359171875001 0.18930124687500005 0.8239712627025952 0.2528411469334747 0.9556302259933813 0.3056056304620175
0 0.9726745631399949 0.3745384325394992 0.8531687421875 0.3386952453125001 0.8326236603422027 0.40719520478622195 0.9521294812946974 0.44303839201322104
0 0.9733602996640578 0.45233151735076227 0.8555049968749999 0.41494405312500016 0.8340879333734904 0.4824563745967419 0.9519432361625482 0.519843838822504
0 0.9821683683863449 0.10051990773921604 0.8481916421875001 0.04300887187500009 0.8225745726557792 0.10268595922170243 0.9565512988546241 0.1601969950859184
0 0.9789898815013423 0.17296151276456423 0.8481916421875001 0.11563075468750003 0.8205475888921072 0.17869975324626736 0.9513458282059496 0.23603051132333155
0 0.9542262671875001 0.08501341250000001 0.953955649711658 -0.00018209547757800545 0.8469468365286363 0.0001578104118741954 0.8472174540044785 0.08535331838945222