0 0.3564924779060028 0.840297453776244 0.002061912500000096 0.7588104703125002 -0.027223228391614042 0.886187243914967 0.3272073370143887 0.9676742273787108
0 0.4065029704293597 0.6165222200443436 0.045737523318980886 0.529372113208294 0.014017538827121201 0.6606797478514503 0.37478298593750003 0.7478298546875
0 0.5591108890625 6.661338147750939e-17 0.18265003146089245 -0.08725631439200347 0.1426256671875 0.08542581875000002 0.5190865247891076 0.17268213314200356
0 0.7378524890625002 0.8126119203125001 0.3682218531250001 0.7258355125 0.3387632089648102 0.8513168230229619 0.7083938449023103 0.9380932308354619
0 0.8471162796480055 0.35173670145428526 0.47754921874999995 0.26765629843750005 0.4479409762169614 0.3977963879076463 0.8175080371149669 0.4818767909244315
1 0.7688675679011888 0.6949285822319131 0.3914441573527668 0.6120282835925585 0.362164426951578 0.7453312497981455 0.7395878375000001 0.8282315484375001
1 0.7908471849188425 0.5767891842658053 0.42109490121411997 0.4940268784492153 0.39239520223277746 0.6222468348084101 0.7621474859375 0.7050091406250001
1 0.8162489588333417 0.4626863777214288 0.4466987412208385 0.38364799723245413 0.418627554262497 0.5148970585735254 0.7881777718750002 0.5939354390625
1 0.8743752225962416 0.23058909851797232 0.4992313750188086 0.1486911373735921 0.4703005992975672 0.28121217166811985 0.845444446875 0.3631101328125001
1 0.9040798609375 0.1189236046875001 0.5294773989299574 0.03467533048873996 0.500108865625 0.16525990312500008 0.8747113276325427 0.24950817732376018
1 0.38237926913666775 0.7332391311077844 0.017680106250000095 0.6494723500000001 -0.00971156176293444 0.7687286740735344 0.35498760112373323 0.8524954551813186
1 0.4359007375000001 0.4967459046875001 0.0711275050581338 0.41509809686637683 0.04197510312500006 0.5453406125000001 0.40674833556686635 0.6269884203211233
1 0.4607204859375001 0.3865017296875001 0.09789924285534682 0.30379624022754903 0.06974079687500005 0.42732470781250004 0.4325620399571533 0.510030197272451
1 0.4861111109375 0.2732204796875 0.12527218281250002 0.187821975 0.09531367275967015 0.31440729046006677 0.4561526008846701 0.39980579514756676
1 0.5142534635568561 0.15621752764951885 0.14783177187500002 0.07154165156250002 0.11795751731454493 0.20081784449526513 0.484379208996401 0.28549372058228395