0 1.0260903740854652 0.1132970073992546 0.6709486452444196 0.035121586742080414 0.6427963586589546 0.16301410903032593 0.9979380875000002 0.24118952968750013
0 0.9857905890624998 0.3401145234375001 0.6252170140625 0.25217014531250004 0.5932081495926264 0.3834070809718574 0.9537817245926263 0.4713514590968574
0 0.8573743328125001 0.9145741812500002 0.48058265690131136 0.8277471727084013 0.4408891109375001 1 0.8176807868486888 1.0868270085415992
0 0.6610940921167748 0.1486435963888152 0.2913643292412054 0.06229161635774929 0.2620483839994305 0.18781250746893413 0.6317781468749999 0.27416448750000005
0 0.5519517640625001 0.6021792093750001 0.18242231729172315 0.5184276295494213 0.15292133447922315 0.6485921217369214 0.5224507812500001 0.7323437015625002
1 0.63698419375 0.2585448578125001 0.26041216249999993 0.17176845156250004 0.2297702285034957 0.30474117796521416 0.6063422597534959 0.3915175842152142
1 0.6074832703124999 0.37829610625000004 0.2378525140625 0.294990859375 0.2089649093073243 0.4231670258525896 0.5785956655573242 0.5064722727275897
1 0.5805491943572623 0.48914977411845095 0.2118222281250001 0.4060645609375001 0.18232066851850173 0.536990632573535 0.5510476347507639 0.6200758457544857
1 0.5293921750000001 0.7201951140625 0.15455555312500008 0.6368898671875 0.1251293496288714 0.7692947171442597 0.4999659715038714 0.8525999640192596
1 0.49989113437500005 0.834740096875 0.12401640865579133 0.7525638548556135 0.09543221020440348 0.8833081854406524 0.47130693592361217 0.9654844274600389
1 1.0093320738709626 0.23115236007223855 0.6447482640625 0.14865452031250004 0.6177360839415379 0.2680298102402617 0.9823198937500003 0.3505276500000002
1 0.9580248968750003 0.4546593875000001 0.5932005801353015 0.37309253721347585 0.5640796106541484 0.5033419921873982 0.9289039273938471 0.5849088424739225
1 0.9302592031250001 0.5726752921875 0.565918345852988 0.4924774193743782 0.5386850339216697 0.6161990078326346 0.9030258911936817 0.6963968806457563
1 0.90422891875 0.6854844562500002 0.5430861236437325 0.6013909195210875 0.5135850220812325 0.7280844882710874 0.8747278171874999 0.812178025
1 0.8818716308922132 0.7991375279547734 0.5155093296875001 0.7149886109375 0.4858059269202869 0.8443094314202266 0.8521682281250001 0.9284583484375