0 0.24118952968749996 0.9979380875 0.1577364356440737 0.6432978094138491 0.030652754952150696 0.6732028343405199 0.11410584899557699 1.027843112426671
0 0.47062788679170603 0.954262476681019 0.3834777799556564 0.5934970295706402 0.2521701453124999 0.6252170140625 0.33932025214854955 0.9859824611728787
0 1 0.4408891109375002 0.8277977734374999 0.4408891109375002 0.8277977734374999 0.8573743328125 1 0.8573743328125
0 0.2741644875 0.6317781468750001 0.1873880796875 0.26214751093750005 0.06190676916453826 0.29160615509768983 0.14868317697703826 0.6612367910351898
0 0.7323437015625001 0.5224507812500001 0.6485921217369213 0.15292133447922307 0.5184276295494213 0.18242231729172304 0.6021792093750001 0.5519517640625
1 0.38797171640744166 0.6085558426472335 0.305071417768087 0.2311324320988113 0.17176845156249998 0.26041216250000004 0.25466875020185464 0.6378355730484222
1 0.5059731215507848 0.5789050987858803 0.42321081573419483 0.20915281508115752 0.294990859375 0.23785251406250002 0.3777531651915899 0.6076047977672226
1 0.6163520027675459 0.5533012587791614 0.5373136222785713 0.18375104116665855 0.40606456093750004 0.21182222812500004 0.48510294142647464 0.5813724457375029
1 0.8513088626264078 0.5007686249811915 0.7694109014820276 0.12562477740375858 0.6368898671875 0.15455555312500005 0.71878782833188 0.529699400702433
1 0.96532466951126 0.4705226010700427 0.8810763953124999 0.09592013906250008 0.7504918226762398 0.12528867236745744 0.834740096875 0.49989113437500005
1 0.35052764999999997 0.9823198937500001 0.2667608688922157 0.6176207308633325 0.14750454481868142 0.645012398876267 0.23127132592646574 1.0097115617629346
1 0.5849019031336232 0.9288724949418661 0.5032540953125 0.5640992625 0.3730115796788769 0.5932516644331337 0.4546593875000001 0.9580248968749998
1 0.6962037597724509 0.9021007571446535 0.6134982703124999 0.5392795140625002 0.4899698027275489 0.5674379600428469 0.5726752921874999 0.9302592031250002
1 0.812178025 0.8747278171874999 0.7267795203125 0.5138888890625 0.6001942048524335 0.5438473991153299 0.6855927095399335 0.9046863272403298
1 0.9284583484375 0.8521682281249998 0.8437824723504812 0.4857465364431439 0.7145062794177159 0.515620791003599 0.7991821555047347 0.8820424826854548