0 0.5358246921875 0.6662618765624999 0.524563928125 0.589313321875 0.36885181074204365 0.6121004609270947 0.38011257480454363 0.6890490156145945
0 0.6869066109374999 0.5808677484375 0.6778651183847619 0.5025081737946621 0.5060439437911801 0.5223337008929331 0.5150854363439181 0.600693275535771
0 0.7000441703125 0.6531243187500002 0.6919337037565386 0.5750077221356038 0.5141852024571764 0.5934624851135271 0.5222956690131377 0.6715790817279234
0 0.6796772613120204 0.5112412927696675 0.6681174234368259 0.43527664642883546 0.49423614962480544 0.4617368411591681 0.5057959875 0.5377014875000001
0 0.6672002734375 0.44292338906250006 0.6540627156250001 0.36503649375 0.4846022582590919 0.39362020538268083 0.4977398160715919 0.47150710069518087
0 0.505884770465028 0.40037498456105763 0.4898432390624999 0.32750061250000007 0.33491897797247194 0.3616034435639425 0.350960509375 0.4344778156250001
0 0.6581592170530186 0.2977269676728079 0.6409251578124999 0.22427694218750002 0.46604040169698135 0.2653112948271922 0.48327446093750004 0.3387613203125
0 0.6673921964287783 0.3723561622562964 0.652185978125 0.2937182640625 0.4765138145087217 0.32768800805620363 0.49172003281250004 0.40632590625000004
0 0.6531295205046789 0.22813931091785705 0.6352947765624999 0.15389710937500006 0.4560557466828211 0.19695459064464305 0.47389049062499994 0.27119679218750004
0 0.6462041898684635 0.15647045717452726 0.624972409375 0.08070214375000002 0.44327473981903653 0.1316174256379728 0.46450652031249995 0.20738573906250002
0 0.6343399922927316 0.08654855694210986 0.6118197580290192 0.01496638221621387 0.43354071261128746 0.07105417058660402 0.45606094687499993 0.1426363453125
0 0.4752025227876743 0.136654839045335 0.45512255 0.06287260000000001 0.2952214225248256 0.10638998751716504 0.31530139531249995 0.18017222656250004
0 0.5433318687500001 0.7357032546875 0.5388516136407931 0.6613310210682573 0.3741557723571615 0.6712524574493909 0.3786360274663685 0.7456246910686336
0 0.5508390453124999 0.8042062375000001 0.5464680478547661 0.7316476808661012 0.3828198334709171 0.7415060071920182 0.38719083092865103 0.814064563825917
0 0.5611614125 0.8727092187500001 0.5590061791123392 0.8002933661587296 0.39219746436427466 0.8052579105024519 0.3943526977519355 0.8776737630937224
0 0.5686685874999999 0.9346435359375 0.5651297830316707 0.8612122172074012 0.40444911093749986 0.8689557453124997 0.40798791540582907 0.9423870640425986
0 0.7329591609375 0.8688029171875 0.7316845062598862 0.7916862975177885 0.5455377544236388 0.7947631028674904 0.5468124091012527 0.8718797225372018
0 0.7195241109374999 0.7941634906249999 0.7152710763131176 0.7182631573831295 0.538050519830964 0.7281936165876894 0.5423035544553463 0.8040939498295598
0 0.7068353625 0.7217632468749999 0.7015840732254517 0.6466041772919208 0.5306597888504516 0.6585464866669207 0.5359110781249999 0.7337055562499999
0 0.7456479093749999 0.9426959484375 0.7446542341040892 0.8612145575014025 0.5537876899581479 0.8635421977488642 0.5547813652290585 0.9450235886849617
0 0.281390634375 0.7792356046875001 0.269448328125 0.7008642078125 0.12851736849480944 0.72233939834272 0.14045967474480942 0.80071079521772
0 0.29179013275954346 0.8341378618033467 0.2821370296875 0.770278875 0.14393995937984524 0.7911691307136142 0.1535930624518887 0.8550281175169608
1 0.2766777445440666 0.7081410320284839 0.26571635625 0.6344351203125 0.11543225507965194 0.6567850560096624 0.1263936433737185 0.7304909677256463
1 0.25047379809115056 0.4992347667470124 0.232875009375 0.42843035000000007 0.10033152690884943 0.4613746895029876 0.11793031562499998 0.5321791062499999
1 0.23778063014381426 0.4327592075482526 0.22018630625000002 0.36573318749999995 0.09735039173118579 0.39797760338924737 0.114944715625 0.4650036234375
1 0.48185202874685534 0.20082710582148108 0.4627644390624999 0.13211178281250002 0.3070867009406445 0.17535559886601895 0.326174290625 0.24407092187500004
1 0.49115878424790055 0.2660442363662553 0.47430375745423586 0.1999460932304548 0.31752960133133534 0.23992350373919952 0.334384628125 0.306021646875
1 0.4973198337891193 0.3355768652382669 0.4814242968750001 0.26422356718750006 0.3259530333983808 0.29885825507423325 0.34184857031249993 0.3702115531250001
1 0.5110140227028374 0.4696765936081994 0.4993378046875 0.3963353515625001 0.3458466319846626 0.4207717579543008 0.35752284999999995 0.49411300000000014
1 0.5165048265625 0.53367189375 0.5051772726601639 0.4611755962011988 0.3554259684968125 0.48457425278381383 0.3667535223991485 0.557070550332615
1 0.5241747879053713 0.5993298669511828 0.5157584328125 0.529193575 0.36603810744722376 0.5471600141692028 0.37445446254009496 0.6172963061203858
0 0.9751874370521838 0.25575306649165835 0.9561310453124998 0.16346034375000004 0.766896762947816 0.20253300850834174 0.7859531546874999 0.29482573125000006
0 0.9859779964819122 0.34066149988865596 0.9680155505076431 0.24974952452740967 0.7806794102757308 0.2867635183887537 0.79864185625 0.37767549375
0 0.9952510870296909 0.42357772672456856 0.9822548437499998 0.3351310671875 0.7968415270328089 0.3623754717129314 0.8098377703124999 0.45082213125
0 1 0.4993378046875 0.9896223954316685 0.4212544468706675 0.8099096844941684 0.4451390171831675 0.8202872890624999 0.523222375
0 1.0083612530508586 0.5826956294474523 0.9979291234375 0.494113 0.8205924619017703 0.5149974448384598 0.8310245915151289 0.6035800742859122
1 1.0000000000000002 0.8158089250000001 0.8763153074385549 0.8150777254617264 0.8757372652510549 0.9128553723367265 0.9994219578125001 0.9135865718750003