0 0.8780762312500002 0.9950288218749999 0.8664473849471896 0.6091157127878348 0.6663849726896228 0.6151442590805892 0.6780138189924333 1.0010573681677541
1 0.7196327841791378 0.5740954778340798 0.5121218333048754 0.5621358072894934 0.48907133506323763 0.9620825107054136 0.6965822859375 0.97404218125
1 0.6234950684528403 0.5767464172004122 0.4264923439992147 0.5096484608758083 0.31808552242137444 0.8279359374253963 0.515088246875 0.89503389375
0 0.44965160312500013 0.5148063609375001 0.25001512442772966 0.44393450848688476 0.13519236349022962 0.7673747866118849 0.3348288421875001 0.8382466390625002
0 0.3200130437500001 0.47406768437500013 0.15950237281977703 0.38262659647053454 -0.0071757740552230945 0.6752042745955344 0.153334896875 0.7666453625
0 0.5089742432507876 0.35169149814537903 0.35823679086085836 0.29593259077932726 0.2891467203125001 0.48270922812500006 0.4398841727024293 0.5384681354910519
0 0.6500473520592382 0.4004903901878395 0.49409909062499996 0.34321016875000004 0.42315304377411583 0.5363643218643344 0.579101305208354 0.5936445433021736
1 0.8496791765625001 0.6691194531250001 0.8197035332295991 0.4013159537763064 0.6620300287806035 0.41896458325241986 0.6920056721135044 0.6867680826011135
0 0.7325857722859391 0.39060031327338834 0.5707232136524637 0.37917337814341323 0.5532395226165246 0.626829896120025 0.7151020812500001 0.6382568312500002
0 0.40396948125 0.31975456718750006 0.267536987144508 0.24107237203078977 0.15950816093750003 0.4283910171875 0.295940655042992 0.5070732123442102
0 0.6829744248300753 0.17173902111122016 0.5863828734375001 0.13615694687500007 0.5551104842980232 0.2210493722766531 0.6517020356905985 0.25663144651287323
0 0.5985271312500001 0.14136101406250007 0.5039331849723553 0.10624979728414172 0.47270496934735523 0.19038245978414173 0.5672989156250001 0.22549367656250005
0 0.5291310687499999 0.11534061093750006 0.42025113466169256 0.07500857838597165 0.38860406875 0.16044266718750005 0.4974840028383074 0.20077469973902845
0 0.4501930609375001 0.08758552343750006 0.3680746974613383 0.035240102731714205 0.3070636828125 0.13095286250000004 0.3891820462886618 0.1832982832057859
0 0.7662917388379407 0.19712685508114342 0.6609836265625 0.16564673437500005 0.6346135892870594 0.25386046366885684 0.7399217015625001 0.2853405843750002
0 0.8615044356026033 0.25897103190822557 0.7321145640625002 0.18299367031249997 0.6884295192913942 0.2573895457738432 0.8178193908314972 0.3333669073695688
0 0.6195710429961634 0.08902142157718795 0.5367225589110781 0.053878522526561466 0.5091797406249999 0.11881001093750006 0.5920282247100853 0.15395290998812655
0 0.5594918453125 0.05809573593750008 0.46283663990413426 0.02143778489613104 0.43544642500000014 0.09365695625000006 0.5321016304083658 0.1303149072913691