0 0.6829693288355466 0.37919292219412865 0.605698795060286 0.37095070061151075 0.5889913427872393 0.5275824706048822 0.6662618765625 0.5358246921875
0 0.6030071344964772 0.5164343947906335 0.5247341835919673 0.5062690134914465 0.5025947975329901 0.6767412296383131 0.5808677484375 0.6869066109375
0 0.6715790817279234 0.5222956690131378 0.5934624851135272 0.5141852024571765 0.5750077221356039 0.6919337037565387 0.6531243187500001 0.7000441703125001
0 0.5377014875 0.5057959875 0.4617368411591681 0.49423614962480544 0.43527664642883535 0.6681174234368259 0.5112412927696675 0.6796772613120206
0 0.46919850468749996 0.49735041406249997 0.39114711932743773 0.48527616694464265 0.3648720037024378 0.6551260263196428 0.44292338906249995 0.6672002734375
0 0.4344778156250001 0.35096050937500006 0.36160344356394253 0.33491897797247205 0.3275006125 0.48984323906250005 0.4003749845610575 0.5058847704650281
0 0.33876132031250006 0.48327446093750004 0.26531129482719223 0.46604040169698135 0.22427694218750008 0.6409251578124999 0.29772696767280776 0.6581592170530186
0 0.40632590625000004 0.4917200328125001 0.3276880080562038 0.4765138145087217 0.2937182640625001 0.6521859781250001 0.3723561622562963 0.6673921964287783
0 0.27119679218750015 0.4738904906250001 0.1969545906446431 0.4560557466828212 0.1538971093750001 0.6352947765625 0.22813931091785716 0.653129520504679
0 0.2073857390625001 0.4645065203125 0.13161742563797293 0.44327473981903653 0.0807021437500001 0.624972409375 0.1564704571745273 0.6462041898684634
0 0.14263634531250008 0.456060946875 0.07105417058660406 0.43354071261128757 0.014966382216213913 0.6118197580290193 0.08654855694210992 0.6343399922927317
0 0.18017222656250007 0.3153013953125 0.10638998751716511 0.29522142252482564 0.06287260000000006 0.45512255 0.136654839045335 0.4752025227876744
0 0.7456246910686337 0.3786360274663686 0.671252457449391 0.37415577235716163 0.6613310210682573 0.5388516136407933 0.7357032546875001 0.5433318687500002
0 0.8140645638259171 0.3871908309286511 0.7415060071920183 0.38281983347091714 0.7316476808661013 0.5464680478547661 0.8042062375000002 0.5508390453125
0 0.8776737630937225 0.3943526977519356 0.805257910502452 0.3921974643642748 0.8002933661587296 0.5590061791123393 0.8727092187500001 0.5611614125000001
0 0.9423870640425989 0.40798791540582924 0.8689557453125 0.4044491109375 0.8612122172074012 0.5651297830316709 0.9346435359375 0.5686685875000002
0 0.871879722537202 0.5468124091012528 0.7947631028674906 0.5455377544236389 0.7916862975177887 0.7316845062598862 0.8688029171875001 0.7329591609375001
0 0.8040939498295601 0.5423035544553465 0.7281936165876896 0.5380505198309641 0.7182631573831295 0.7152710763131177 0.794163490625 0.7195241109375001
0 0.7337055562500001 0.535911078125 0.6585464866669208 0.5306597888504517 0.6466041772919209 0.7015840732254517 0.721763246875 0.7068353625000001
0 0.9426959484375 0.7456479093749999 0.9403456666767424 0.5529247607122024 0.8591373061091578 0.5539151063452379 0.8614875878699155 0.7466382550080354
0 0.7959942421995377 0.13970398395061914 0.7173110962156038 0.13039737448598748 0.7005524587035661 0.2720840249103684 0.7792356046875 0.28139063437500006
0 0.8550281175169607 0.15359306245188878 0.791169130713614 0.14393995937984533 0.7702788749999999 0.2821370296875001 0.8341378618033465 0.2917901327595435
1 0.7304909677256461 0.12639364337371858 0.6567850560096623 0.115432255079652 0.6344351203124999 0.2657163562500001 0.7081410320284838 0.27667774454406663
1 0.5321791062500001 0.11793031562500009 0.4613746895029876 0.10033152690884947 0.42843035 0.23287500937500005 0.4992347667470125 0.25047379809115067
1 0.4650036234375 0.11494471562500005 0.3979776033892475 0.09735039173118584 0.36573318750000006 0.2201863062500001 0.4327592075482526 0.2377806301438143
1 0.24407092187500004 0.32617429062500003 0.175355598866019 0.30708670094064455 0.13211178281250008 0.4627644390625 0.20082710582148108 0.4818520287468554
1 0.30602164687500016 0.334384628125 0.23992350373919963 0.31752960133133523 0.19994609323045479 0.47430375745423586 0.2660442363662553 0.49115878424790066
1 0.37021155312500004 0.34184857031250004 0.2988582550742333 0.32595303339838083 0.26422356718750006 0.4814242968750002 0.3355768652382668 0.4973198337891194
1 0.49411300000000014 0.35752285000000006 0.4207717579543008 0.3458466319846627 0.3963353515625001 0.49933780468750005 0.4696765936081994 0.5110140227028375
1 0.5569692002923514 0.36673653933481176 0.4844656733440071 0.3554582044884684 0.4611683668016557 0.5052264917161567 0.53367189375 0.5165048265625002
1 0.6172963061203858 0.37445446254009507 0.5471600141692028 0.3660381074472238 0.5291935750000001 0.5157584328125001 0.5993298669511828 0.5241747879053713
0 0.2948257312500001 0.7859531546875 0.2025330085083418 0.7668967629478161 0.16346034375000004 0.9561310453124999 0.25575306649165835 0.975187437052184
0 0.3776754937500001 0.7986418562500002 0.2867635183887538 0.780679410275731 0.24974952452740978 0.9680155505076431 0.340661499888656 0.9859779964819124
0 0.45082213125000015 0.8098377703124999 0.3623754717129315 0.796841527032809 0.33513106718750013 0.98225484375 0.4235777267245687 0.995251087029691
0 0.5232223750000001 0.8202872890625 0.4451390171831676 0.8099096844941686 0.42125444687066754 0.9896223954316687 0.49933780468750005 1.0000000000000002
0 0.6035800742859123 0.831024591515129 0.5149974448384599 0.8205924619017704 0.49411300000000014 0.9979291234375 0.5826956294474525 1.0083612530508586
1 0.913586571875 0.9994219578125 0.9128553723367263 0.8757372652510547 0.8150777254617264 0.8763153074385548 0.8158089250000001 1