1 0.9466089218750001 0.23135523125000024 0.8400184113687483 0.19059583450711956 0.7453839872760415 0.4380757380772981 0.8519744977822933 0.4788351348201788
1 0.26974726256342574 0.0052433893017460285 0.1466747875 1.8041124150158794e-17 0.1356496202490743 0.25878197163575406 0.2587220953125 0.26402536093750006
1 0.178483653125 0.24902512187500006 0.15445371263378088 -0.0020638143618179174 0.04182337656249999 0.0087152359375 0.06585331705371911 0.25980417217431795
1 0.5600643559403634 0.5886536861401898 0.4817330046875 0.5748788000000001 0.4573254440596367 0.7136732107348104 0.5356567953125001 0.7274480968750001
0 0.9364620687500003 0.7249834312500002 0.858417509069364 0.6841023461484256 0.7892236608736684 0.8161977492333566 0.8672682205543045 0.8570788343349311
0 0.8599649890625001 0.7007779296875001 0.7786262406250001 0.6707629937500001 0.7318932870684461 0.7974066074826146 0.8132320355059461 0.8274215434201146
0 0.7815312812500002 0.6717313109375 0.702129228125 0.6436528390625001 0.6577044938377564 0.7692798720307866 0.7371065469627566 0.7973583439057867
0 0.7118124312500002 0.6465574593750001 0.628537121875 0.6213838062500001 0.5889274229036013 0.7524140512333186 0.6722027322786015 0.7775877043583187
0 0.6352430131339 0.615442895926401 0.5539766687500001 0.596210021875 0.5220945540536001 0.7309243087610992 0.6033608984375001 0.7501571828125002
0 0.492774725803011 0.5594503057398788 0.4038874171875002 0.54489426875 0.37503588825948925 0.7210778520726213 0.46392319687500005 0.7356338890625
0 0.41937684210873494 0.533217140504092 0.3341685656250001 0.5226252359375 0.3109326313287652 0.709550439183408 0.39614090781250005 0.72014234375
0 0.34327996922178106 0.5023559184858857 0.26348136875000006 0.49745151718749997 0.25146492452821906 0.6929688440141143 0.33126352500000006 0.6978732453125
0 0.27407125951981365 0.47788209153060446 0.1792378453125001 0.47421416875 0.17155299516768654 0.6729044412818956 0.2663864093750001 0.6765723640625001
0 0.1898893953125 0.649462209375 0.18876793967644262 0.44762642253745755 0.10564044865501836 0.4480883019433744 0.10676190429107572 0.6499240887809168
0 0.8438374747518388 0.20083606141072524 0.7343320718750002 0.1669397890625001 0.6580788439981613 0.413283704214275 0.767584246875 0.4471799765625001
0 0.7456978596245559 0.16576267458933291 0.636950771875 0.13725332187500006 0.5709565153754441 0.3889841582231671 0.679703603125 0.41749351093750003
0 0.6508655573179907 0.1290365087411005 0.5455073703125 0.10875427031250007 0.49477773330700936 0.3722746209463995 0.6001359203125001 0.392556859375
0 0.5607890185733586 0.09775778376245584 0.4481262328125001 0.07906780312500007 0.40434285955164173 0.3429929990500444 0.5170056453125003 0.36168297968750013
0 0.4645780172105572 0.05973582781234397 0.35074493125000006 0.04819400625000005 0.3224173452894429 0.32757941437515614 0.43625043124999996 0.33912123593750004
0 0.3606620322321986 0.020366809235028354 0.25874226875 0.01732916406250003 0.25020334433030145 0.3038291032649717 0.35212310781250006 0.30686674843750006