1 0.4780140187482994 0.8682002893141483 0.4433548320374614 0.7591690169840544 0.19669604453916198 0.8375776495449061 0.23135523125000002 0.946608921875
1 0.2640253609375 0.25872209531249996 0.258781971635754 0.1356496202490743 0 0.1466747875 0.00524338930174601 0.26974726256342574
1 0.26608022960938926 0.0934316697481791 0.008715235937500005 0.04182337656249999 -0.013314860560731315 0.1516850924975609 0.24405013311115797 0.20329338568324
1 0.727448096875 0.5356567953125 0.7136732107348103 0.4573254440596365 0.5748788 0.4817330046874999 0.5886536861401896 0.5600643559403634
0 0.857078834334931 0.8672682205543044 0.8161977492333566 0.7892236608736682 0.6841023461484255 0.8584175090693638 0.7249834312499999 0.9364620687499998
0 0.8268000317571975 0.8114009717794755 0.79562719346806 0.7305084338788057 0.6696050913983627 0.7790724511618302 0.7007779296875001 0.8599649890625001
0 0.7968725379122181 0.7357094470103257 0.767916291051978 0.6566288008336649 0.6427750640772597 0.7024506350733396 0.6717313109374999 0.7815312812500003
0 0.7772673703124999 0.6711430562500003 0.7514219382641179 0.5880767656766819 0.6207120273266179 0.6287461406766819 0.6465574593750001 0.71181243125
0 0.7501571828125 0.6033608984375001 0.730924308761099 0.5220945540536001 0.5962100218749999 0.55397666875 0.6154428959264008 0.6352430131339
0 0.7356338890624999 0.463923196875 0.7210778520726213 0.3750358882594892 0.54489426875 0.40388741718750004 0.5594503057398786 0.49277472580301085
0 0.7201423437500001 0.3961409078125 0.7095504391834081 0.31093263132876525 0.5226252359375001 0.334168565625 0.5332171405040921 0.41937684210873477
0 0.6978732453125 0.331263525 0.6929688440141143 0.251464924528219 0.4974515171874999 0.26348136875 0.5023559184858856 0.343279969221781
0 0.6765723640625 0.266386409375 0.6729044412818956 0.1715529951676865 0.47421416875 0.17923784531250003 0.4778820915306044 0.2740712595198135
0 0.649462209375 0.1898893953125 0.6489987158978211 0.10647140921243056 0.44806678394373706 0.1075878427799583 0.448530277420916 0.19100582888002773
0 0.4471799765625001 0.767584246875 0.41328370421427485 0.6580788439981612 0.1669397890625 0.734332071875 0.20083606141072513 0.8438374747518388
0 0.4174935109375001 0.679703603125 0.38898415822316734 0.5709565153754443 0.137253321875 0.6369507718750002 0.16576267458933275 0.7456978596245558
0 0.39255685937499996 0.6001359203125002 0.3722746209463995 0.49477773330700947 0.1087542703125 0.5455073703125 0.12903650874110045 0.6508655573179907
0 0.36168297968749996 0.5170056453125 0.3429929990500443 0.4043428595516416 0.07906780312499999 0.4481262328124999 0.09775778376245567 0.5607890185733584
0 0.33912123593749993 0.43625043125000007 0.3275794143751561 0.3224173452894429 0.04819400625 0.35074493125 0.059735827812343864 0.4645780172105571
0 0.30686674843749995 0.3521231078125001 0.3038291032649717 0.2502033443303016 0.017329164062500003 0.25874226875 0.020366809235028278 0.3606620322321985