1 0.24072485512089817 0.5565599305774758 0.13167566702741001 0.5219543297498167 0.05339107812500008 0.76864476875 0.16244026621848823 0.803250369577659
1 0.8533252125 0.9999999999999998 0.8418940264117797 0.731687981985356 0.7203643650090625 0.7368656411338815 0.7317955510972829 1.0051776591485253
1 0.9581766234375 0.9912847640625001 0.9065683302518209 0.7339197703906108 0.7967066143167599 0.7559498668888421 0.848314907502439 1.0133148605607314
1 0.5395119037670832 0.2838565896000834 0.4611469456216957 0.27207121492533065 0.4399020371671126 0.4133358253252474 0.5182669953125001 0.4251212000000001
0 0.20007072500000006 0.17819446562500002 0.11793519468262399 0.14407323263630387 0.06353793125000004 0.27501656875 0.1456734615673761 0.3091378017386962
0 0.2694915661211944 0.20437280653194018 0.18859902822052454 0.1731999682428027 0.1400350109375 0.29922207031250003 0.2209275488381699 0.33039490860163745
0 0.34337119916633496 0.23208370894802202 0.2642905529896745 0.20312746208778182 0.21846871874999998 0.32826868906250006 0.2975493649266604 0.35722493592274024
0 0.4040773066658854 0.24049424692114182 0.3195696359007063 0.22053963831181878 0.286955207359821 0.358661585140677 0.37146287812500006 0.37861619375
0 0.4732442413478388 0.2648513230815346 0.3916622498971253 0.24886775066111783 0.36444133979928645 0.38780640570458336 0.44602333125000004 0.4037899781250001
0 0.6128198424920634 0.27134341687571883 0.5241157656267991 0.26327864009126106 0.5074085059472356 0.4470409544655424 0.5961125828125 0.4551057312500001
0 0.6755322729379103 0.2834428839881285 0.5911604073278289 0.2792224440727258 0.5814595687649187 0.4731543241470975 0.6658314343749999 0.47737476406250023
0 0.7417055259706731 0.30403332336622474 0.6626173320593051 0.30196687092697183 0.6574304373386319 0.5004820303732471 0.73651863125 0.5025484828125001
0 0.8207621546875 0.52578583125 0.8129366715241646 0.32040524014680716 0.7201775720919161 0.3239395798181176 0.7280030552552514 0.5293201709213105
0 0.8936645718506224 0.3514610316947441 0.8101106046875 0.3505377906250001 0.8078955187743777 0.5510046261177562 0.8914494859375001 0.5519278671875002
0 0.32808909938080194 0.5760572769531024 0.2169813905513484 0.5490713075201459 0.15456021929554664 0.8060742415045438 0.2656679281250002 0.8330602109375
0 0.4104473548366824 0.5986884766096627 0.30070679440705267 0.5789901791933921 0.25330866769537047 0.8430483807087296 0.3630492281250001 0.8627466781250002
0 0.49568490489229616 0.6221088285539395 0.39011338767620296 0.6059507656029393 0.34892111247140695 0.8750876667364998 0.45449262968750015 0.8912457296875
0 0.5752728303131978 0.6461757246360549 0.4629127496304809 0.6366068122123397 0.43951368650478306 0.9113632844512848 0.5518737671875 0.920932196875
0 0.6556435554715152 0.6629108630896299 0.5433310671074365 0.6604272392260703 0.5369425803859215 0.9493223698864407 0.6492550687500002 0.9518059937500002
0 0.7447823213582991 0.6943177435137566 0.6433293525002811 0.6930776661922724 0.639804762391982 0.9814307586160156 0.74125773125 0.9826708359374999