0 0.32447541587071055 0.982076352117668 0.3009484453124999 0.6141599062499999 0.09839679819178937 0.6271123760073318 0.12192376874999997 0.9950288218749999
1 0.5140696444805835 0.9279785850367693 0.4347399124999999 0.5651983734375 0.22408798208191646 0.6112619696507307 0.30341771406249995 0.9740421812499998
1 0.681221590625 0.8259015890624999 0.5696866339725546 0.5091841106710986 0.3733767964725547 0.5783164153585987 0.484911753125 0.89503389375
0 0.8614808999999998 0.7580038171875001 0.7317616195180959 0.44065258360526843 0.5354518773305962 0.5208954054802684 0.6651711578125001 0.8382466390625002
0 0.9995645580186043 0.6614156004110067 0.8093516846541409 0.38503519173369105 0.6564522297605366 0.4902649538226843 0.8466651031250001 0.7666453624999999
0 0.7108532796875001 0.48270922812500017 0.6502060771141728 0.2946803396524688 0.4893764885587223 0.3465546272480805 0.5500236911320496 0.5345835157206118
0 0.5750414546875 0.5370274875 0.5059009093750001 0.34321016875 0.3511745640643597 0.3984057723110354 0.4203151093768597 0.5922230910610355
1 0.3170100776811549 0.6499574705894334 0.28983664375 0.41357694843750004 0.12314738950634507 0.4327389309730666 0.15032082343749997 0.669119453125
0 0.4466785131377636 0.6010161823243236 0.39615033593750004 0.381511990625 0.23436974154973647 0.4187526395506763 0.28489791875 0.63825683125
0 0.8404918390624999 0.4283910171875001 0.7668149763366057 0.24944000113925596 0.5960305187499999 0.3197545671875001 0.6697073814758943 0.4987055832357443
0 0.44340743915922287 0.22161838391780692 0.41361712656250005 0.13615694687500002 0.31790056709077713 0.16952200983219307 0.34769087968749995 0.25498344687499996
0 0.5255182906249999 0.185595703125 0.4901233281260695 0.10325413909492258 0.39730612187606956 0.14315211253242258 0.43270108437499993 0.22549367656250002
0 0.6113959312499999 0.16044266718750008 0.5813433786329147 0.07489818468980702 0.4703586591697865 0.11388812330388468 0.5004112117868715 0.19943260580157773
0 0.6929363171875 0.13095286250000004 0.6601270799553461 0.045318421289445875 0.5498069390625 0.08758552343750003 0.5826161762946539 0.1732199646480542
0 0.35900018785494126 0.2655538360098431 0.33901637343749996 0.16564673437500002 0.24009448402005865 0.18543348274015697 0.26007829843749997 0.28534058437500004
0 0.3008997234384835 0.2697625935293253 0.2678854359374999 0.18299367031250002 0.14031893281151647 0.23153083147067477 0.1733332203125 0.31829975468750005
0 0.49082025937499996 0.11881001093750002 0.4658309401093866 0.0532896187542526 0.38168824167188664 0.0853814406292526 0.4066775609375 0.1509018328125
0 0.5645535749999999 0.09365695625 0.5383329542626483 0.02136449439686927 0.44010748918034864 0.056991067356929825 0.4663281099177004 0.12928352921006056