0 0.995028821875 0.1219237687500001 0.6198951434811552 0.1106197425681256 0.61380612058826 0.31268912199849946 0.9889397989821049 0.32399314818037395
1 0.9740421812499998 0.3034177140625001 0.5740954778340799 0.28036721582086227 0.5621358072894935 0.48787816669512474 0.9620825107054134 0.5109286649367626
1 0.8950338937500002 0.4849117531250002 0.5783164153585986 0.3733767964725548 0.5091841106710986 0.5696866339725547 0.8259015890624999 0.6812215906250001
0 0.8382466390625002 0.6651711578125002 0.5208954054802684 0.5354518773305962 0.4406525836052683 0.731761619518096 0.7580038171875001 0.8614809000000001
0 0.7666453625000003 0.8466651031250001 0.474067684375 0.6799869562499999 0.3826265964705346 0.840497627180223 0.6752042745955348 1.0071757740552232
0 0.5384681354910518 0.5601158272975708 0.35169149814537903 0.49102575674921256 0.29593259077932726 0.6417632091391419 0.48270922812499995 0.7108532796875001
0 0.5864076625000001 0.4182405687500001 0.3902687548296663 0.3564719535590727 0.34088857982966625 0.5132728394965727 0.5370274875000001 0.5750414546875001
1 0.669119453125 0.1503208234375001 0.43216192108094564 0.12379781502696155 0.4135051213761489 0.29047834935625383 0.6504626534202033 0.3170013577667924
0 0.6382568312500001 0.2848979187500001 0.4338232243428994 0.22309989954886142 0.3815119906250001 0.39615033593750004 0.5859455975321007 0.4579483551386387
0 0.5070732123442103 0.7040593449570082 0.31975456718750006 0.5960305187500001 0.24107237203078985 0.7324630128554921 0.4283910171875001 0.8404918390625001
0 0.2549834468750001 0.34769087968750007 0.16952200983219315 0.31790056709077713 0.13615694687500007 0.4136171265625001 0.22161838391780703 0.44340743915922304
0 0.22549367656250005 0.4327010843750001 0.14315211253242255 0.3973061218760696 0.10325413909492256 0.4901233281260696 0.18559570312500004 0.525518290625
0 0.1994326058015778 0.5004112117868715 0.11388812330388473 0.47035865916978636 0.074898184689807 0.581343378632915 0.16044266718750005 0.61139593125
0 0.17321996464805417 0.5826161762946539 0.08758552343750006 0.5498069390625 0.04531842128944592 0.660127079955346 0.13095286250000004 0.6929363171875
0 0.285340584375 0.2600782984375 0.1991206470121521 0.23056512317940006 0.16238038782259118 0.3378982995765873 0.2486003251854391 0.3674114748346873
0 0.3182997546875 0.17333322031250004 0.23153083147067477 0.14031893281151647 0.18299367031250002 0.26788543593749997 0.2697625935293252 0.30089972343848354
0 0.15090183281250008 0.40667756093750007 0.08538144062925261 0.38168824167188664 0.05328961875425262 0.46583094010938664 0.11881001093750007 0.49082025937500007
0 0.12928352921006064 0.46632810991770046 0.056991067356929936 0.44010748918034875 0.021364494396869337 0.5383329542626483 0.09365695625000006 0.564553575