0 0.410686678125 0.47543607187500003 0.33373812343750003 0.46417530781250005 0.3109509843854054 0.6198874251954563 0.3878995390729053 0.6311481892579562
0 0.4972154056784793 0.32493746341999424 0.4191322515625001 0.3130933890625001 0.3933656137806806 0.4829623284360028 0.4714487678966598 0.49480640279349697
0 0.42497328823277536 0.3083085116798996 0.34687568125 0.29995582968750006 0.32789708676722473 0.47740575707010047 0.40599469375000014 0.4857584390625
0 0.5645837312500002 0.3318613296875001 0.48860959521645453 0.3203625656487913 0.4622985125 0.4942040125 0.5382726485335455 0.5057027765387089
0 0.63496350625 0.34593728437500004 0.5570766109374999 0.3327997265625 0.5284928993048189 0.5022601839284082 0.606379794617319 0.5153977417409082
0 0.6724993875 0.5101567609375002 0.6000728654060145 0.492737748431578 0.5626476329845195 0.6483481437927618 0.6350741550785051 0.6657671562986841
0 0.7757230578125002 0.35907484218750013 0.7025696156095902 0.34099199326895596 0.6592513534687916 0.5162342905486559 0.7324047956717016 0.5343171394672002
0 0.7062817359374999 0.3478140218750001 0.6277350207649169 0.33227728834950626 0.5929496040832981 0.5081366613488181 0.671496319255881 0.5236733948743119
0 0.8461028906250002 0.36470522343750017 0.7730994406989516 0.3441351909267651 0.7223381882806675 0.5242878740675312 0.7953416382067161 0.5448579065782663
0 0.91929785625 0.37502759062500013 0.8448202449005493 0.35114618339982834 0.7863526868155637 0.5334856923972373 0.8608302981650144 0.5573670996224092
0 0.984985646875 0.3881651500000001 0.9133927869952905 0.3656645373815093 0.8573636546875003 0.5439390531250001 0.9289565145672098 0.566439665743491
0 0.9371273999999999 0.5448774500000001 0.8648226043119278 0.5218504451112531 0.8135925360206576 0.6827128602964981 0.8858973317087298 0.7057398651852452
0 0.3385992092720296 0.4631858898121367 0.26429674531249997 0.45666813125 0.25005168916547044 0.6190618070628633 0.32435415312500004 0.6255795656250001
0 0.2683537201565735 0.4538837921850261 0.19579376250000008 0.44916095468750006 0.18516800796842664 0.6124111828149741 0.2577279656250001 0.6171340203125001
0 0.19973288790761418 0.4417868119881171 0.12729078125000004 0.4388385874999998 0.1205364652173859 0.6048018255118828 0.19297857187500003 0.60775005
0 0.13592660104984775 0.4334570194238062 0.06254394065975169 0.431246697924211 0.05766159429740401 0.5933405675629049 0.13104425468750008 0.5955508890625001
0 0.20861084278009862 0.27040665456009144 0.13119708281250003 0.2670408390625 0.12319799003240148 0.45101998137740856 0.20061175000000006 0.454385796875
0 0.2817804755037466 0.2855388194782734 0.205836509375 0.28047588906250004 0.19408244949625347 0.4567868102092268 0.270026415625 0.4618497406250001
0 0.3534009959962977 0.3004052298190811 0.278236753125 0.2931646375000001 0.2618131537345423 0.46365723796751945 0.33697739660584 0.4708978302866004
0 0.13891659237471893 0.25671282408727 0.05730405156250003 0.25435209062499997 0.05182363418778113 0.4438147274752301 0.13343617500000002 0.44617546093750005
0 0.2991357921875001 0.730551671875 0.22076439531250003 0.718609365625 0.19928920478227993 0.8595403252551904 0.27766060165728 0.8714826315051905
0 0.2297211250000002 0.7178629703125001 0.16592874517513445 0.707863082453827 0.14428331236263442 0.8459459980788271 0.20807569218750013 0.8559458859375001
1 0.3655648796875002 0.7342836437500001 0.2925558966730698 0.7200468925780105 0.2634465216730698 0.8693257441405106 0.3364555046875002 0.8835624953125002
1 0.57156965 0.767124990625 0.5012036990541061 0.7481641310608477 0.46530415107008827 0.8813915210890435 0.5356701020159822 0.9003523806531959
1 0.6342668125000003 0.7798136937500002 0.5677250492449541 0.7608017612678145 0.5324332751806837 0.8843229696897204 0.5989750384357299 0.9033349021719059
1 0.8678882171875 0.5372355609375001 0.7996281046057259 0.5170758380585717 0.7535422851914839 0.6731208015995928 0.8218023977732578 0.6932805244785213
1 0.7984735500000001 0.5252932515625 0.7321290363141062 0.5091197132936992 0.6939783531250001 0.665615371875 0.7603228668108941 0.6817889101438007
1 0.7357764328125 0.518575703125 0.6648584851088015 0.5012962001165804 0.6268163894413457 0.6574272734332809 0.6977343371450442 0.6747067764417005
1 0.6036646484375001 0.5006621953125001 0.5309943193469077 0.4862756877935806 0.5002905328192978 0.6413692202825746 0.5729608619098903 0.6557557278014942
1 0.5388244037988013 0.4948227273398361 0.46632810625000004 0.4834951734375001 0.442929449667385 0.6332464776008516 0.5154257472161863 0.6445740315031876
1 0.47080642500000003 0.4842415671874999 0.4002067700557615 0.47597989933362045 0.3826815340166294 0.625740896636128 0.453281188960868 0.6340025644900075
0 0.83653965625 0.043868954687500114 0.7447580919989139 0.023009509024657638 0.7015288153465961 0.21321833320546407 0.7933103795976824 0.23407777886830652
0 0.7499579234375002 0.03192664687500009 0.6590101878973716 0.014108314608081218 0.62232450625 0.2013581437500001 0.7132722417901285 0.21917647601691898
0 0.6648689328125001 0.01774515625000008 0.5774356037672475 0.00032959597693964503 0.5399880678959248 0.18833174316229032 0.6274213969411775 0.20574730343535075
0 0.5783996569021317 0.01016819112913755 0.5002907066196236 -0.00004859134777792651 0.476777625 0.17971271093750008 0.5548865752825081 0.18992949341441556
0 0.505887 0.002070876562500057 0.41774031968127395 -0.010202711274541764 0.39310931030627394 0.16669272778795824 0.48125599062499996 0.17896631562500004
1 0.18419107500000004 2.2204460492503132e-17 0.08680267932198381 -0.00587475070464038 0.07933873713448382 0.11785838992035964 0.17672713281250002 0.12373314062500004