1 0.5587417350278201 0.6314280875364566 0.462564042624295 0.6307170877601426 0.46210854509647514 0.692332720536186 0.5582862375000002 0.6930437203125001
0 0.4857075968750001 0.9832219453125 0.4818577653482626 0.800336063390637 0.31060866847326246 0.803940935265637 0.31445850000000003 0.9868268171875
1 0.24173683125000003 0.8028846156249999 0.10234355659960204 0.7370609302625215 8.881784197001253e-17 0.9537914796875 0.13939327465039808 1.0196151650499785
0 0.3635811296875001 0.8020838906250001 0.19901878097695144 0.7648003578564467 0.1491244375000001 0.9850244015625002 0.31368678621054874 1.0223079343310535
0 0.47061196406249994 0.6907836640625 0.4698738965854652 0.6246745264942013 0.3847912153354651 0.6256244218067013 0.38552928281249993 0.691733559375
0 0.40244505000000014 0.6261590187500001 0.3013183571507785 0.6251994169784648 0.3006903000000001 0.6913866046875001 0.4018169928492217 0.6923462064590353
0 0.33426151406250004 0.625812053125 0.21451863234088037 0.6241412606546166 0.21360315647482414 0.6897518737566857 0.3333460381964438 0.6914226662270689
0 0.6356687291296115 0.6353114772646611 0.5298157296875001 0.6314068749999999 0.5275370671613879 0.6931809679180783 0.6333900666034993 0.6970855701827393
0 0.2677078265625001 0.6242024515625 0.12301306718750009 0.6242024515625 0.12301306718750009 0.6887361421875 0.2677078265625001 0.6887361421875
1 0.18842175000000005 0.6248349828125 0.14691112039009227 0.5824804949216063 0.04714296250000007 0.6802609015625002 0.08865359210990786 0.722615389453394
1 0.7145683725196739 0.6347939703353388 0.5921563 0.6325810796875001 0.5910083378050808 0.6960837347290205 0.7134204103247547 0.6982966253768591
0 0.6479 0.9864237718749997 0.6449299773572904 0.7955865594324256 0.48775171562499986 0.7980327437499999 0.4907217382677095 0.9888699561925742
0 0.8021605046874999 0.98642371875 0.6885220867730641 0.748205513513918 0.551390941656947 0.8136218672403128 0.6650293595713829 1.0518400724763948
0 0.9528881578125 0.9801440437500002 0.7910468589862141 0.7707858588307035 0.6892947972610216 0.8494438097209711 0.8511360960873076 1.0588019946402678