1 0.4107340870324239 0.5683221159750833 0.4102306546875001 0.470146065625 0.343124499165574 0.4704901761194919 0.3436279315104979 0.5686662264695752
0 0.40901928833623824 0.4793761256558824 0.40855291064085675 0.38981943806986136 0.34107265 0.39017084999999996 0.34153902769538147 0.47972753758602094
0 0.4163508903980014 0.641137376558292 0.4106059328125 0.5368563265625 0.3381572955394986 0.5408476015667081 0.343902253125 0.6451286515625
0 0.22715555538079565 0.48641684506734995 0.22063738010105527 0.30731566156559936 0.026181062500000008 0.31439266875 0.032699237779740375 0.4934938522517506
0 0.225459784375 0.369045509375 0.22276899028662728 0.1404439161905862 0.023223273437499997 0.142792703125 0.025914067525872754 0.37139429630941384
0 0.2296071671875001 0.4781297390625 0.03712199366219736 0.47603488024379487 0.035102588784625174 0.6615870018505328 0.22758776230992792 0.6636818606692378
1 0.28381245107787867 0.168643083188465 0.06539529999999999 5.551115123125783e-18 -0.023782186970342047 0.11549772618056016 0.1946349641075366 0.28414080936902514
0 0.4118361040312081 0.309441888562961 0.3414479531250001 0.3065718312500001 0.3374316209687921 0.40507237081203923 0.4078197718750001 0.40794242812500003
0 0.2816096914059562 0.6895115946083035 0.20478376997533276 0.5556835044388332 -0.0398315495556234 0.6961084129555297 0.03699437187500006 0.829936503125
0 0.4086207031250001 0.3386603484375 0.40730952957077565 0.21721138302777449 0.3400549683327213 0.21793746909856818 0.3413661418869457 0.33938643450829364
0 0.40986139583359915 0.7229882653107916 0.40497693906250004 0.604375803125 0.33929924479140094 0.6070804081267085 0.34418370156250006 0.7256928703125001
0 0.2688417122934058 0.8048154524397336 0.182944725763699 0.6995648394052107 -0.038485324029706815 0.8802780291529771 0.04741166249999997 0.9855286421875