1 0.5374436015625002 0.6317511250000001 0.4421720785420038 0.631046824139126 0.44171376250000005 0.6930437203125002 0.5369852855204964 0.6937480211733742
0 0.6855415000000001 0.8029776500000001 0.5142924031250001 0.8029776500000001 0.5142924031250001 0.9868268171875 0.6855415000000001 0.9868268171875
1 0.9999999999999998 0.9537914796875 0.8356689186911582 0.7426420971173824 0.7222850825609857 0.830885255432223 0.8866161638698273 1.0420346380023406
0 0.8508755625 0.9850244015625002 0.8489419993763743 0.7998645814624968 0.6364188703125 0.8020838906250003 0.6383524334361255 0.9872437107250036
0 0.6144707171875 0.6917335593750001 0.6137292766283184 0.6253222928569693 0.5286678027178058 0.6262719514026904 0.5294092432769872 0.6926832179207214
0 0.6993096999999999 0.6913866046875001 0.6985417642104393 0.6249909988497759 0.5975549499999999 0.62615901875 0.5983228857895604 0.6925546245877242
0 0.7863663437499999 0.68756600625 0.7838738567091721 0.621364271197838 0.6657384859375 0.6258120531250001 0.6682309729783278 0.6920137881771622
0 0.4711619756712885 0.6937907501779066 0.4701842703125 0.6314068749999999 0.3655711696412115 0.6330464138845933 0.366548875 0.6954302890624999
0 0.8769869328125001 0.6242024515625002 0.7322921734375 0.6242024515625002 0.7322921734375 0.6887361421875002 0.8769869328125001 0.6887361421875002
1 0.9528570375 0.6802609015625003 0.8372091377223045 0.5914564824583135 0.8050196462406852 0.633376097746758 0.9206675460183806 0.7221805168509448
1 0.4086279242871266 0.6963066020248211 0.40784370000000003 0.6325810796875001 0.2857865444628735 0.6340831495376791 0.28657076875000004 0.6978086718750001
0 0.5122482843750003 0.7980327437500001 0.3613835352623479 0.7908707070936158 0.3521000000000002 0.9864237718750001 0.5029647491126525 0.9935858085313845
0 0.41922090312500015 0.7996026890625001 0.2640546989477473 0.7551731295799513 0.19783949531250009 0.98642371875 0.35300569948975297 1.030853278232549
0 0.2838015000000001 0.82864629375 0.1536269221180898 0.7643828563207423 0.047111842187500044 0.9801440437500002 0.17728642006941034 1.0444074811792579