1 0.36895317586087406 0.4421720785420037 0.3069562796875001 0.44171376249999994 0.30625197882662614 0.5369852855204963 0.3682488750000001 0.5374436015625
0 0.19702235000000007 0.514292403125 0.013173182812500073 0.514292403125 0.013173182812500083 0.6855415 0.19702235000000007 0.6855415
1 0.2573579028826176 0.8356689186911586 0.16911474456777698 0.7222850825609859 -0.04203463800234068 0.8866161638698274 0.04620852031249996 1
0 0.19791610937500004 0.6364188703125 0.01363036416062619 0.6344944348655226 0.011371160249257347 0.8508379225370835 0.19565690546363118 0.8527623579840606
0 0.3746777071430307 0.6137292766283184 0.3737280485973095 0.5286678027178058 0.30731678207927876 0.5294092432769874 0.30826644062499997 0.6144707171875
0 0.3748005830215352 0.6986816428492216 0.37384098125 0.5975549499999999 0.3076537935409649 0.5981830071507784 0.3086133953125001 0.6993097
0 0.3741879468750001 0.6657384859375001 0.30936878159036724 0.6648340532753074 0.30767394793766045 0.7862999260340774 0.37249311322229334 0.78720435869627
0 0.368593125 0.4701842703125001 0.364688522735339 0.3643312708703887 0.30291442981726074 0.36660993339650083 0.3068190320819218 0.4724629328386123
0 0.37579754843750013 0.7322921734375 0.3112638578125001 0.7322921734375 0.3112638578125001 0.8769869328125001 0.37579754843750013 0.8769869328125001
1 0.40854351754168683 0.8372091377223047 0.3666239022532424 0.8050196462406853 0.27781948314905563 0.9206675460183809 0.31973909843750004 0.9528570375000001
1 0.3674189203125 0.40784370000000003 0.36520602966466126 0.2854316274803262 0.3017033746231409 0.28657958967524555 0.3039162652709796 0.40899166219491934
0 0.20441344056757452 0.3550700226427096 0.013576228125000044 0.35209999999999997 0.011130043807425605 0.5092782617322903 0.20196725625000006 0.5122482843749999
0 0.2517944864860821 0.3114779132269359 0.013576281250000021 0.19783949531250006 -0.05184007247639477 0.33497064042861713 0.18637813275968731 0.448609058343053
0 0.22921414116929656 0.20895314101378587 0.019855956250000004 0.0471118421875 -0.058801994640267474 0.14886390391269252 0.15055619027902906 0.3107052027389784