1 0.5686633765625001 0.34418370156250006 0.47089208210674505 0.34309722354602823 0.4701460656250001 0.4102306546874999 0.5679173600807552 0.41131713270397174
0 0.47971575937500005 0.34380075156250006 0.39017085 0.3410726500000001 0.38812656562464937 0.4081725196103364 0.47767147499964935 0.4109006211728364
0 0.6451286515625001 0.3439022531250001 0.5375586381275034 0.3427882709787537 0.5368247728792219 0.4136528668639782 0.6443947863142186 0.41476684901022465
0 0.4934938522517506 0.03269923777974045 0.31439266875 0.02618106250000004 0.30731566156559936 0.22063738010105535 0.48641684506734995 0.22715555538079574
0 0.3690455093749999 0.22545978437499997 0.3187696367636323 -0.013760952922276037 0.14279270312499998 0.023223273437500008 0.19306857573636763 0.262444010734776
0 0.6616370109374999 0.03969765156250008 0.48112593263690134 0.036891209688503686 0.4781297390625001 0.2296071671875001 0.6586408173630988 0.23241360906149647
1 0.2493298484375 0.22151301718750002 0.13901178955071264 -0.0029312784912696953 5.551115123125783e-18 0.06539530000000002 0.11031805888678732 0.2898395956787697
0 0.40794242812500003 0.407819771875 0.4050723708120391 0.3374316209687921 0.30657183125000004 0.34144795312500004 0.30944188856296095 0.411836104031208
0 0.829936503125 0.0369943718750001 0.6961084129555297 -0.03983154955562336 0.5556835044388331 0.20478376997533285 0.6895115946083034 0.2816096914059563
0 0.33866034843750004 0.408620703125 0.33792809521646705 0.3407949024704153 0.21789695958196414 0.3420907690115301 0.2186292128029971 0.40991656966611484
0 0.7256928703125001 0.3441837015625001 0.6063408935044892 0.34054369514443644 0.6043520751387078 0.40575495474280554 0.7237040519467188 0.4093949611608692
0 0.9855286421875 0.04741166250000006 0.8802780291529771 -0.038485324029706725 0.6995648394052106 0.182944725763699 0.8048154524397336 0.2688417122934058