1 0.5298539343750001 0.5897693453125 0.43167788402491664 0.5892659129675761 0.43133377353042474 0.6563720684895021 0.5295098238805082 0.656875500834426
0 0.6101805619301387 0.5914470893591434 0.5206238743441176 0.5909807116637619 0.5202724624139791 0.6584609723046186 0.6098291500000002 0.6589273500000001
0 0.46314367343750007 0.5893940671875 0.35886262344170805 0.5836491096019986 0.35487134843750007 0.6560977468750001 0.45915239843329203 0.6618427044605015
0 0.6925039144047422 0.7793057697606011 0.5134008053072664 0.7729555596461963 0.5065042221525241 0.9674687273855952 0.6856073312500001 0.9738189374999999
0 0.8595560838094138 0.7772310097133729 0.6309544906250001 0.7745402156250002 0.6286057036905863 0.9740859324741274 0.8572072968750002 0.9767767265625003
0 0.5218702609375001 0.7703928328125 0.3482934536086245 0.76171311584735 0.3383629890625001 0.9603023484375001 0.5119397963913758 0.9689820654026502
1 1.0000000000000002 0.9346047000000001 0.831356916811535 0.7161875489221214 0.7158591906309748 0.8053650358924636 0.8845022738194398 1.0237821869703423
0 0.69342816875 0.658552046875 0.6931352981561288 0.5891415051871457 0.5920465500121591 0.589568038693191 0.5923394206060303 0.6589785803810453
0 0.40578414062500007 0.7730961828125 0.24293286743274836 0.7235404590409134 0.1700634968750001 0.9630056281250002 0.3329147700672518 1.0125613518965868
0 0.782093775 0.6570510109375001 0.7807397251703507 0.5890034064871641 0.6613396515625 0.591379296875 0.6626937013921491 0.6594269013253361
0 0.395624196875 0.5950230609375 0.27701173468920853 0.5901386041664008 0.2743071296875001 0.6558162984375 0.3929195918732916 0.6607007552085992
0 0.2771950468750001 0.7980885843750001 0.1467325076943698 0.7229486027531047 0.014471357812500151 0.9525883374999999 0.14493389699313042 1.0277283191218953