0 0.5342151234375 0.08692932031250006 0.4283088221897363 0.06775862224833568 0.40563463437499997 0.19301954687500006 0.5115409356227636 0.21219024493916444
0 0.3638460375 0.05906720468750004 0.2783805443356112 0.029811906050356864 0.23205102656250004 0.16515747656250004 0.3175165197268888 0.19441277519964323
1 0.18061886562499999 0.11264815937499999 0.10725757171983807 0.07936004677266395 0.08096906562500002 0.1372954078125 0.15433035953016191 0.17058352041483604
0 1 0.886190515625 0.9572666993335746 0.43848518268390624 0.7700885474619833 0.45635126479994614 0.8128218481284086 0.9040565977410399
0 0.8203066156249997 0.8219512546875001 0.8015214103341473 0.4098092348016328 0.6133856271593128 0.41838435973180443 0.6321708324501654 0.8305263796176717
0 0.6575946899939875 0.39155748442467797 0.48567642443300957 0.3833717991231884 0.4683757000640221 0.7467269021985103 0.6402939656250001 0.7549125874999999
0 0.5329792617917277 0.3723634807774546 0.37653003751655556 0.34825571257405985 0.3263336507248279 0.6740090427341052 0.4827828750000001 0.6981168109375
1 0.6451128817673316 0.676235792229094 0.4407322006844859 0.6723616076404652 0.4345652359375003 0.9976967656250002 0.6389459170203461 1.0015709502136292
1 0.8403512462276401 0.9879631741240924 0.8351747301359831 0.7322639541173901 0.6190449323458431 0.7366394049932977 0.6242214484375002 0.992338625
1 0.22646238389352683 0.5761494738938705 0.09055756869643397 0.5357896834586857 -0.0292196698845927 0.9391194158148151 0.10668514531250013 0.97947920625
0 0.4909689018175031 0.6427359307017644 0.28994494576190977 0.6200426061568066 0.24705206562500015 1 0.4480760216805935 1.0226933245449579
1 0.44742332031250004 0.06954994375000005 0.3499839980632179 0.044779877681072854 0.31562830937499997 0.17992667187500003 0.41306763162428217 0.2046967379439272