1 0.5512420805276269 0.9785370214665793 0.50434730625 0.8003176562500002 0.42277918978487306 0.8217806347834209 0.4696739640625 1
1 0.6865313164386854 0.9186339567962349 0.6281804843750001 0.7478067703125 0.5539789835613147 0.7731523807037652 0.6123298156250001 0.9439795671875002
1 0.7511926149599926 0.8842227905048897 0.6888704828125001 0.7209779656250002 0.6153915584775074 0.7490300844951105 0.677713690625 0.9122749093750002
1 0.8817908515624999 0.8211238671875 0.8155727755975573 0.6652076716849764 0.7432541677850574 0.6959216013724765 0.8094722437499999 0.851837796875
1 0.23955165917125462 0.7413890287021031 0.1831886997747069 0.6935566591115956 0.0766558609159523 0.8190889319719925 0.13301882031250006 0.8669213015625001
1 0.1661672421236206 0.6394954859693587 0.11560101083039864 0.5955500715251045 0.014820621831778125 0.7115140355557459 0.0653868531250001 0.7554594500000001
0 0.1251036404312506 0.5984859082972083 0.08266042968750002 0.5604793609375001 -0.013022509181250497 0.6673317698277919 0.029420701562500096 0.7053383171875002
0 0.09876766581882457 0.5585056732584203 0.05227331497086456 0.5162045271131364 -0.03429830084796004 0.611357766354716 0.012196049999999969 0.6536589125
1 0.0644283650117576 0.5132200718811436 0.02464950929503793 0.47717431479711064 -0.037261151029219605 0.545496786665967 0.002517704687500055 0.58154254375
1 0.30543274062500014 0.4729386968750001 0.2455727265627387 0.45652722875665724 0.2120815750000001 0.5786845390625002 0.2719415890622615 0.5950960071808431
1 0.35642886875 0.4849986796875001 0.29466589650611247 0.47098437227403184 0.2682827500000001 0.5872585124999999 0.3300457222438877 0.6012728199134683
1 0.4683209500000002 0.5043766640625 0.4024435571044627 0.4918299412524707 0.37958205397946265 0.6118657662524707 0.44545944687500005 0.6244124890625
1 0.5831094742743402 0.5236866498290728 0.5166656429285071 0.5146951891825193 0.499038518654167 0.6449536331034467 0.5654823500000001 0.6539450937500001
1 0.7745523354159298 0.4388797515226547 0.6978432684970628 0.4346212877301013 0.690716719018633 0.5629940971449466 0.7674257859375 0.5672525609375001
1 0.7095518986074664 0.4306507207674006 0.6429358253012587 0.4258548199244007 0.6341302095062923 0.5481666788445001 0.7007462828125 0.5529625796875
1 0.6498215595724994 0.4153272775677543 0.5808099897651813 0.4114001681820089 0.5736283786301819 0.5376034921767547 0.6426399484375 0.5415306015625001
1 0.5931067078125001 0.4119681234375001 0.5267119045600296 0.4056454705339393 0.5152811139350295 0.525681333033939 0.5816759171875 0.5320039859375
1 0.5388106125000001 0.4072047953125 0.4746815910566992 0.39788790704218074 0.45848802386919923 0.5093497586046808 0.5226170453125001 0.5186666468750001
1 0.4845145156250001 0.39863082343750006 0.4276838566779655 0.3874602149882448 0.40545183906250004 0.5005659796875 0.4622824980095347 0.5117365881367554
1 0.4340287359375001 0.3929148140625002 0.37495766629720817 0.3805882657910447 0.35209616473470806 0.49014475485354475 0.411167234375 0.5024713031250002
1 0.5283324406250001 0.20470792500000007 0.47176130846558273 0.19400643699312287 0.4511748421875 0.3028323968750001 0.5077459743469174 0.3135338848818773
1 0.4311710375000001 0.1932759484375001 0.3768026194150878 0.1808502194814391 0.35306082187500004 0.28473176875000006 0.40742923995991226 0.29715749770606104
0 0.4826094375000001 0.9979683015624999 0.4426017500000001 0.8293465624999999 0.33837534608617625 0.8540756242462286 0.37838303358617625 1.0226973633087286
0 0.384492911361301 0.8514176947956716 0.2729448669591357 0.8476726545435458 0.26818459466033484 0.9894599331853742 0.37973263906250015 0.9932049734375001
0 0.32570085595238973 0.8173577839220905 0.22001213142310724 0.7872691507240333 0.17211973640821748 0.955495008989443 0.27780846093749995 0.9855836421875003
0 0.29328056316997997 0.8114241737819539 0.22145242968750006 0.7510950875 0.1135816243300202 0.879526646530546 0.1854097578125001 0.9398557328124999
0 0.19703139722107407 0.6912842804483812 0.144400710271884 0.6488149526823064 0.04990615680080999 0.7659186019214254 0.10253684375000005 0.8083879296875001
0 0.6201845004121159 0.9494789196599018 0.5721503640625001 0.7798079656249999 0.49172901521288426 0.8025753865900983 0.5397631515625001 0.9722463406250001
0 0.8188605441485045 0.8539225091970284 0.7531372187500001 0.6959734375 0.6816984996014955 0.7256994126779717 0.747421825 0.883648484375
0 0.9474601812499998 0.7912399625000001 0.8766354084042682 0.6412740474250676 0.8080508240292682 0.6736646583625675 0.8788755968749999 0.8236305734375001
0 0.5284645313723331 0.512882884600117 0.458651925260152 0.5023187379561951 0.43946857045031906 0.6290909267935783 0.5092811765625 0.6396550734375002
0 0.41084009352775785 0.4928192767805526 0.35105950170071604 0.4802860076023546 0.3254365437500001 0.6025011750000001 0.38521713557704185 0.6150344441781981
0 0.38068517968750004 0.19041794375000007 0.32651175128561205 0.1765996979784167 0.30257504218750003 0.27044182656250004 0.3567484705893881 0.28426007233408346
0 0.4778465812500001 0.19899191718750006 0.4242058618579937 0.18806629777620493 0.4032495181079936 0.29095413527620495 0.4568902375 0.30187975468750006
0 0.5826285359375001 0.2075659296875001 0.5225117399828634 0.19702024619987388 0.5026132406250001 0.3104537687500001 0.5627300365796368 0.3209994522376263
0 0.634066934375 0.21709254531250002 0.5737233980842914 0.2074813023465989 0.555956796875 0.3190277015625 0.6163003331657084 0.32863894452840114
0 0.6867997718750001 0.2214732515625001 0.6217832455913332 0.21407592448371782 0.6090580174663333 0.3259203947962178 0.6740745437500001 0.3333177218750001
0 0.7987338715463821 0.22942751253881494 0.7318129355523192 0.22622694997035414 0.726309804630937 0.3412925561815393 0.7932307406249999 0.3444931187500001
0 0.857556018032871 0.23349072060233805 0.7900155892620718 0.2316277823469024 0.786759479041701 0.34967736330706445 0.8542999078125 0.3515403015625001
0 0.9185006171874999 0.3585875140625 0.9184495412556732 0.23640838529693275 0.8511209701070607 0.23643653142585608 0.8511720460388874 0.3586156601914233
0 0.9834845046874998 0.3656346953125 0.98264855103467 0.24691369594860996 0.9122373495058731 0.2474094844058628 0.9130733031587029 0.3661304837697528
0 0.7415568515625001 0.22390781093750006 0.6789972488476457 0.21902777113724753 0.6703096187500001 0.3303987250000001 0.7328692214648544 0.33527876480025265
0 0.3371149671875 0.18419200468750005 0.2890736585152854 0.1684491114752917 0.25614913034324815 0.2689222201649484 0.3041904390154628 0.2846651133771568