0 0.21219024493916444 0.4884590643772363 0.08692932031250004 0.4657848765625 0.06775862224833569 0.5716911778102638 0.19301954687500006 0.5943653656250001
0 0.19441277519964323 0.6824834802731113 0.05906720468750006 0.6361539625000001 0.029811906050356905 0.7216194556643888 0.16515747656250007 0.7679489734375001
1 0.17132903760901308 0.8471742987634021 0.11264815937500008 0.8193811343750002 0.07861452957848716 0.891237769986598 0.13729540781250016 0.9190309343750002
0 0.8938622886731746 0.1925879620539363 0.8861905156249998 0 0.44678769882682506 0.017503683258563642 0.454459471875 0.21009164531249996
0 0.8219512546875001 0.1796933843750001 0.42559727928968094 0.16162778941878705 0.4167244522013188 0.35629507261724785 0.8130784275991377 0.37436066757346087
0 0.7549125875 0.35970603437500004 0.39155748442467786 0.34240531000601254 0.3833717991231883 0.5143235755669904 0.7467269021985105 0.5316242999359779
0 0.6981168109375002 0.5172171250000002 0.37236348077745474 0.4670207382082725 0.34825571257406 0.6234699624834448 0.6740090427341054 0.6736663492751724
1 1.0015709502136292 0.36105408297965436 0.676235792229094 0.35488711823266866 0.6723616076404653 0.5592677993155145 0.9976967656250002 0.5654347640625002
1 0.9923386250000001 0.37577855156250006 0.9879631741240924 0.15964875377235993 0.73226395411739 0.164825269864017 0.7366394049932977 0.3809550676541571
1 0.97947920625 0.8933148546874999 0.5761494738938705 0.7735376161064733 0.5357896834586857 0.9094424313035663 0.9391194158148153 1.029219669884593
0 1.0226933245449579 0.5519239783194069 0.6427359307017645 0.5090310981824973 0.6200426061568067 0.7100550542380907 1 0.7529479343750003
1 0.20469673794392723 0.5869323683757179 0.06954994375000008 0.5525766796875 0.044779877681072874 0.6500160019367822 0.17992667187500005 0.6843716906250001