1 0.568061976206465 0.1849048377005304 0.5303260359374999 0 0.44831297984469165 0.01673747331049207 0.48604892011365675 0.20164231101102245
1 0.4421062886684612 0.2302304376450949 0.38767018437500006 0.0560204328125 0.31315386659870237 0.07930484779161193 0.36758997089216355 0.2535148526242068
1 0.3785550015371011 0.25654928490350215 0.322286309375 0.08772509062499999 0.24798474625822 0.112489620377673 0.30425343842032104 0.28131381465617517
1 0.25293962500000006 0.30569490625 0.19052775625000004 0.14816220312499997 0.11750288214846535 0.17709345846119418 0.17991475089846537 0.33462616158619424
1 0.922713860407757 0.18241381050622124 0.8669811796875001 0.13307869843750023 0.758857561467243 0.25522333011877907 0.8145902421875 0.3045584421875001
1 0.9842102428102661 0.2904001900551233 0.9346131468750001 0.2445405500000001 0.8316724931272338 0.3558706318198769 0.8812695890625 0.4017302718750001
0 1.011291047724415 0.3293936768313862 0.9681377353388099 0.29257873731333184 0.8741862579268946 0.40270569954444574 0.9173395703124999 0.43952063906250005
0 1.0342427331211124 0.38990340093752635 0.98780395 0.3463410875000002 0.9004460996913874 0.439467277187474 0.9468848828124997 0.48302959062500006
1 1.037282514550874 0.45485156213390515 0.9974822953125001 0.4184574562500001 0.9354273057616259 0.48632015349109514 0.9752275249999999 0.522714259375
1 0.7879184250000002 0.42131546093750005 0.7286573000774126 0.4033222673536644 0.6913807250456163 0.526093789782568 0.7506418499682039 0.5440869833664037
1 0.7317172500000002 0.4127414875000001 0.6685307256150697 0.39913054841532736 0.6435711312500001 0.5150013203125001 0.7067576556349306 0.5286122593971729
1 0.6202673609374999 0.3889248906250001 0.5545405531250001 0.37558751093750004 0.5302418867160722 0.49533170466818055 0.5959686945285722 0.5086690843556806
1 0.5009202813155051 0.3556848130295559 0.4345176500000001 0.3460549062500001 0.415743099934495 0.47551405415794434 0.48214573125000004 0.4851439609375001
1 0.30935606379574354 0.43984507691566677 0.23257421406250006 0.4327474390625001 0.22076216761684747 0.5605294975437662 0.29754401735009095 0.5676271353969329
1 0.36588046097761306 0.4519298984272468 0.2992537171875001 0.4470374203125001 0.29028014058488705 0.5692413781352534 0.35690688437500007 0.5741338562500001
1 0.4263827128881287 0.4657441634154743 0.35736005156250006 0.4584693984375 0.34444577773687135 0.5809994803345256 0.41346843906249997 0.5882742453125
1 0.48453933768165713 0.47814728419823876 0.4183240828125 0.4679960140625001 0.4000818207477493 0.586987629481621 0.46629707561690636 0.5971388996173598
1 0.5412046828125 0.4927653703125001 0.47738295468749997 0.48133335312500003 0.45753470003231494 0.5921405616501996 0.521356428157315 0.6035725788376995
1 0.5945481609375001 0.49943402031250006 0.5379611096110242 0.4872707220233627 0.5135263429201969 0.6009480621671255 0.5701133942466727 0.6131113604562628
1 0.6478917171875002 0.5099133171875001 0.5888327656250002 0.49752869687500006 0.5658635826262282 0.6070626052165824 0.6249225341887281 0.6194472255290824
1 0.5488251578125002 0.6971676031250003 0.49233848412428244 0.6861316337636457 0.47103560623856067 0.7951686084370715 0.5275222799267786 0.8062045777984259
1 0.6469391781250001 0.71526823125 0.5930545511253624 0.7013957240032008 0.5661176536499336 0.8060260296262788 0.6200022806495713 0.819898536873078
0 0.628899439676521 0.0036284867814823903 0.5173905624999999 0.0020316984375000637 0.5149846248263725 0.17004608152962225 0.6264935020028937 0.17164286987360458
0 0.73171725 0.013463676562500082 0.6202673609374999 0.006795026562500061 0.6118041984131185 0.14823572662326398 0.7232540874756186 0.154904376623264
0 0.8212581765625 0.06776560000000012 0.7252681930087687 0.00935986842776244 0.6439928914462686 0.1429360543652624 0.7399828749999999 0.2013417859375001
0 0.8855386409361714 0.11823684861420611 0.8145902421874999 0.06014426718750006 0.7075991715638283 0.190812331073294 0.7785475703124998 0.24890491250000008
0 0.9493956301161685 0.23566779398753304 0.8974631562500001 0.1916120703125 0.8011735120713317 0.30511739976246693 0.8531059859375001 0.3491731234375
0 0.5003091474165091 0.20368804514547004 0.4602368484374999 0.027753659375000007 0.3794583748753557 0.04615244554448313 0.4195306738543649 0.2220868313149532
0 0.3164246271808346 0.27625115933614663 0.25257817499999996 0.11635151562500004 0.18079206985876056 0.14501504496611645 0.24463852203959516 0.304914688677263
0 0.18875644687499998 0.3278431796875 0.12112440312499999 0.1763694265625 0.05188161679343336 0.20728587946562346 0.11951366054343335 0.35875963259062343
0 0.5602559468749999 0.37272958593750005 0.4907188234375 0.36034492656250006 0.46827192820467767 0.4863792790085803 0.5378090516421776 0.4987639383835803
0 0.67456345625 0.3974988250000001 0.6153043815567161 0.38299310122985614 0.5855975456192161 0.5043520652923561 0.6448566203125 0.5188577890625001
0 0.6974249578125 0.7295581734375002 0.6422982679131211 0.7160168064137825 0.6193148203125001 0.8095820562500002 0.6744415102118791 0.8231234232737178
0 0.5966381932414133 0.7096462404442776 0.5431097625 0.6981202453125 0.5210085478607518 0.8007615637923603 0.5745369786021651 0.812287558924138
0 0.49738675937500015 0.68954623125 0.4373959357468939 0.6785303578118633 0.4165093255770585 0.792275759293124 0.4765001492051647 0.8032916327312606
0 0.4440432031250001 0.6809722984375 0.3839983715756058 0.6701546090670654 0.3637554749864981 0.7825151395040707 0.42380030653589235 0.7933328288745053
0 0.39069972500000005 0.6762088531250001 0.3259254562500001 0.6666822781250001 0.3095549539065924 0.7779906253919238 0.37432922265659235 0.7875172003919239
0 0.27376711639111406 0.6611259954930905 0.20676925937500007 0.6555068812500001 0.19715008816541912 0.7701982417443178 0.2641479451815331 0.7758173559874082
0 0.21335683821646795 0.6527777247574338 0.14570009218750007 0.6484596984375001 0.13832959459603217 0.7639439143050663 0.20598634062500007 0.768261940625
0 0.14889389730060754 0.6418805186467218 0.08149938281250008 0.6414124859375 0.08065433238689264 0.7630957829157783 0.1480488468750001 0.7635638156250001
0 0.08702593496885139 0.6348617919130894 0.016515495312500076 0.6343653046875001 0.015686450968648784 0.7521050533994107 0.08619689062500009 0.752601540625
0 0.3296903812500001 0.6696012750000001 0.2672494880432034 0.6636506876396642 0.2565510505836276 0.7759118730388891 0.3189919437904243 0.781862460399225
0 0.7419616406250001 0.7304586890625 0.6934366204711548 0.7156560212147263 0.6628850328125001 0.8158079953125 0.7114100529663453 0.8306106631602738