1 0.5680619762064651 0.8150951622994699 0.4860489201136569 0.7983576889889777 0.4483129798446918 0.9832625266895081 0.5303260359375 1
1 0.4421062886684613 0.7697695623549052 0.3675899708921636 0.7464851473757934 0.3131538665987024 0.9206951522083882 0.38767018437500006 0.9439795671875002
1 0.3785550015371012 0.743450715096498 0.30425343842032104 0.7186861853438249 0.24798474625821995 0.8875103796223272 0.3222863093750001 0.912274909375
1 0.2529396250000001 0.69430509375 0.1799147508984654 0.6653738384138059 0.11750288214846542 0.8229065415388058 0.19052775625000015 0.851837796875
1 0.9227138604077572 0.8175861894937789 0.8145902421875002 0.6954415578125 0.7588575614672431 0.7447766698812209 0.8669811796875002 0.8669213015624999
1 0.9842102428102661 0.709599809944877 0.8812695890625 0.5982697281250002 0.8316724931272338 0.6441293681801235 0.9346131468750001 0.7554594500000003
0 1.011291047724415 0.6706063231686142 0.9173395703124998 0.5604793609375001 0.8741862579268946 0.5972943004555543 0.9681377353388096 0.7074212626866684
0 1.0342427331211126 0.610096599062474 0.9468848828124999 0.5169704093749999 0.9004460996913874 0.5605327228125262 0.98780395 0.6536589125000002
1 1.037282514550874 0.545148437866095 0.975227525 0.47728574062500007 0.9354273057616258 0.5136798465089052 0.9974822953124999 0.5815425437500001
1 0.7879184250000002 0.5786845390625001 0.7506418499682039 0.4559130166335965 0.6913807250456164 0.4739062102174321 0.7286573000774127 0.5966777326463356
1 0.73171725 0.5872585124999999 0.7067576556349305 0.4713877406028272 0.6435711312500001 0.4849986796875 0.6685307256150695 0.6008694515846729
1 0.6202673609375001 0.611075109375 0.5959686945285725 0.4913309156443195 0.5302418867160724 0.5046682953318194 0.5545405531250001 0.6244124890625
1 0.500920281315505 0.6443151869704442 0.48214573125 0.5148560390625001 0.4157430999344949 0.5244859458420558 0.43451765 0.65394509375
1 0.30935606379574343 0.5601549230843332 0.2975440173500909 0.432372864603067 0.22076216761684747 0.43947050245623365 0.2325742140625 0.5672525609374999
1 0.36588046097761306 0.5480701015727534 0.356906884375 0.4258661437500001 0.29028014058488705 0.43075862186474667 0.2992537171875 0.5529625796875
1 0.4263827128881288 0.5342558365845258 0.4134684390625001 0.41172575468750006 0.34444577773687135 0.41900051966547436 0.35736005156250006 0.5415306015625001
1 0.48453933768165713 0.5218527158017613 0.4662970756169063 0.4028611003826404 0.4000818207477492 0.4130123705183791 0.4183240828125 0.5320039859375
1 0.5412046828125 0.5072346296875 0.5213564281573151 0.3964274211623004 0.45753470003231483 0.4078594383498005 0.47738295468749986 0.5186666468750001
1 0.5945481609375001 0.5005659796875002 0.5701133942466727 0.3868886395437374 0.513526342920197 0.3990519378328747 0.5379611096110243 0.5127292779766374
1 0.6478917171875 0.4900866828125 0.624922534188728 0.38055277447091784 0.5658635826262282 0.3929373947834178 0.5888327656250001 0.502471303125
1 0.5488251578125001 0.30283239687499997 0.5275222799267785 0.19379542220157414 0.47103560623856067 0.2048313915629286 0.4923384841242823 0.3138683662363544
1 0.646939178125 0.28473176874999995 0.6200022806495712 0.18010146312692227 0.5661176536499336 0.1939739703737215 0.5930545511253624 0.2986042759967991
0 0.628899439676521 0.9963715132185176 0.6264935020028937 0.8283571301263952 0.5149846248263726 0.8299539184703777 0.5173905624999999 0.9979683015624999
0 0.73171725 0.9865363234375003 0.7232540874756188 0.8450956233767363 0.6118041984131187 0.851764273376736 0.6202673609375 0.9932049734375001
0 0.8212581765625 0.9322344000000001 0.747224737495449 0.7947583352949554 0.648158099995449 0.8481075774824557 0.7221915390624999 0.9855836421875003
0 0.8855386409361714 0.8817631513857938 0.7785475703125 0.7510950875000001 0.7075991715638286 0.8091876689267062 0.8145902421874999 0.9398557328124999
0 0.9493956301161685 0.7643322060124671 0.8531059859375002 0.6508268765625 0.8011735120713318 0.6948826002375332 0.8974631562500001 0.8083879296875003
0 0.5003091474165094 0.7963119548545301 0.419530673854365 0.7779131686850469 0.37945837487535583 0.953847554455517 0.4602368484375002 0.9722463406250001
0 0.31642462718083475 0.7237488406638535 0.2446385220395953 0.6950853113227371 0.18079206985876062 0.8549849550338837 0.25257817500000007 0.8836484843750002
0 0.18875644687500004 0.6721568203125001 0.11951366054343349 0.6412403674093767 0.051881616793433505 0.7927141205343766 0.12112440312500006 0.8236305734375
0 0.5602559468750001 0.6272704140625001 0.5378090516421776 0.5012360616164198 0.4682719282046775 0.5136207209914198 0.49071882343750006 0.6396550734375002
0 0.6745634562500001 0.6025011749999999 0.6448566203125001 0.4811422109375 0.5855975456192161 0.49564793470764396 0.6153043815567161 0.6170068987701438
0 0.6974249578124999 0.2704418265625001 0.6744415102118793 0.1768765767262825 0.6193148203125 0.19041794375000004 0.6422982679131206 0.28398319358621765
0 0.5966381932414134 0.2903537595557224 0.5745369786021652 0.18771244107586205 0.5210085478607518 0.19923843620763967 0.5431097625 0.30187975468750006
0 0.49738675937500004 0.31045376874999997 0.47650014920516465 0.19670836726873936 0.4165093255770584 0.207724240706876 0.4373959357468937 0.3214696421881366
0 0.444043203125 0.31902770156250004 0.42380030653589235 0.20666717112549474 0.363755474986498 0.21748486049592933 0.38399837157560573 0.32984539093293463
0 0.39069972499999994 0.323791146875 0.3743292226565923 0.2124827996080763 0.3095549539065923 0.2220093746080763 0.3259254562499999 0.333317721875
0 0.27376711639111406 0.3388740045069097 0.26414794518153306 0.22418264401259208 0.19715008816541904 0.2298017582556824 0.206769259375 0.34449311875
0 0.2133568382164678 0.3472222752425662 0.20598634062499993 0.23173805937499994 0.1383295945960321 0.2360560856949337 0.14570009218749996 0.35154030156249993
0 0.14889389730060743 0.35811948135327826 0.148048846875 0.23643618437499997 0.08065433238689257 0.23690421708422177 0.0814993828125 0.3585875140625
0 0.08702593496885129 0.36513820808691066 0.08619689062500001 0.247398459375 0.015686450968648718 0.24789494660058936 0.0165154953125 0.3656346953125
0 0.32969038125 0.330398725 0.3189919437904242 0.21813753960077503 0.25655105058362754 0.22408812696111102 0.2672494880432033 0.336349312360336
0 0.741961640625 0.2695413109374999 0.7114100529663452 0.16938933683972615 0.6628850328124999 0.18419200468750002 0.6934366204711548 0.2843439787852738