1 0.9403802406249999 0.6965491390625002 0.9176467835532527 0.6012075787610877 0.5905582459284179 0.6791993087605451 0.6132917030001651 0.7745408690619577
1 0.844855802365965 0.30400776691579934 0.8034824515625001 0.19594822656250002 0.47108260544653496 0.3232159846467007 0.51245595625 0.43127552500000005
1 0.7902280156637829 0.09602127369993338 0.7448120249999999 0 0.41777781246121704 0.1546801263000666 0.46319380312499997 0.25070139999999996
1 0.744812025 0.005615517187499997 0.700973914119869 -0.07859048288650974 0.38545722505736896 0.08566925617599026 0.42929533593749997 0.16987525625
1 0.34642873906249994 0.7473913578125 0.32296053437499994 0.6678688281250001 0.11457110233363861 0.7293674482654416 0.1380393070211386 0.8088899779529415
1 0.3268719109375 0.6782979734375 0.3000952792900661 0.5895909864888296 0.08456881121269211 0.6546486898839372 0.11134544286012607 0.7433556768326076
1 0.22228055889527343 0.3520664634715641 0.18961166025469198 0.2825209428128539 -0.010883359578081397 0.37670316215378985 0.021785539062500046 0.4462486828125001
0 0.4011878437500001 0.8973108875000001 0.3864842661968838 0.8136408909835069 0.15932963240671413 0.8535594509636677 0.17403320995983035 0.937229447480161
0 0.37771963906249995 0.8177882499999999 0.35694646750553716 0.7365467195672891 0.13341922760749206 0.7937018430284649 0.15419239916445485 0.8749433734611758
0 0.2934499128717544 0.5986136623726436 0.2642901078125 0.5127347265625 0.06239014193963381 0.5812889487449728 0.09154994699888826 0.6671678845551164
0 0.27405329883095386 0.5174570583854856 0.2382143390625 0.4266938999999999 0.02897155585654614 0.5093160103645142 0.064810515625 0.60007916875
0 0.24523824723969642 0.4318870049430953 0.2108348125 0.35108232812499995 0.005635121510303565 0.43844823880690464 0.04003855624999999 0.519252915625
0 0.9182158484375 0.6118119312500001 0.8856210828125001 0.5036091984375001 0.5654050353458359 0.6000704129118726 0.5979998009708358 0.7082731457243725
0 0.8926640455384526 0.5117761801731626 0.8582415578124998 0.39931731406250015 0.535681959149047 0.49804944795183764 0.5701044468750001 0.6105083140625001
0 0.8656438677322669 0.4059616879116277 0.83086203125 0.3028473421875 0.5027278994552333 0.4135313370883722 0.5375097359375001 0.5166456828124999
0 0.8210460503396225 0.1994496427165377 0.7761029265624999 0.09035272656249997 0.43650369809787737 0.2302526494709623 0.48144682187499993 0.33934956562499996
1 0.19472380150747554 0.2894932647194862 0.15868327499999996 0.21289566718750003 -0.026739132757475526 0.3001401946555138 0.00930139375000003 0.37673779218750003