0 0.4470674546874999 0.32857671406249994 0.4393262501258433 0.06922024284635853 0.13794667187499998 0.07821574218749999 0.14568787643665662 0.3375722134036414
0 0.4660835931927316 0.5449520321830901 0.44334517375937654 0.2999186323891011 0.16782834218750003 0.3254858296875 0.19056676162085515 0.5705192294814891
0 0.48033247423039693 0.7756217047498601 0.4614931000000001 0.48621145937500004 0.193856737292203 0.5036334465896669 0.21269611152259982 0.7930436919645271
0 0.5656774859655244 0.8063832075736318 0.45926599972546606 0.6341070152437017 0.18197397157244172 0.8053846389200698 0.2883854578125 0.97766083125
1 0.66531734540932 0.21810822625111986 0.5620278778904291 0.1609989900822148 0.35568769654360916 0.5341919950810949 0.4589771640625001 0.59130123125
1 0.7913421031250001 0.92820683125 0.774094095150909 0.71468724262701 0.6904876001649445 0.7214409344147454 0.7077356081390355 0.9349605230377354
0 0.6802132064289957 0.36795927790134303 0.5888549382012319 0.32243168488382756 0.38513573802223616 0.7312262663574847 0.4764940062500001 0.7767538593750001
0 0.8300680176124979 0.6776486327565986 0.6764456359374998 0.4656056109375001 0.6167210422755683 0.5088752938735646 0.7703434239505664 0.7209183156926631
0 0.8227700686508488 0.7764064695075772 0.693962478125 0.6129373453125002 0.6349575692123614 0.6594310191708388 0.7637651597382101 0.8229001433659157
1 0.7913036140624998 0.10449102500000003 0.7862483857091204 0.03182964002799378 0.7530371575498382 0.034140225524073184 0.7580923859032177 0.10680161049607943
1 0.8182605046874999 0.12264372031250001 0.8132563245590122 0.03988872672075734 0.7819512515625 0.0417817390625 0.7869554316909877 0.12453673265424267
1 0.7621461828125 0.0824877640625 0.760304822971881 0.027866091069932226 0.7221523624999999 0.02915225468749999 0.7239937223406189 0.08377392768006776