0 0.3558629640625001 0.6069039671875001 0.1158734039007002 0.534620440798866 0.033860792187500086 0.8069116749999999 0.2738503523493 0.8791952013886339
0 0.5622488777952928 0.6561983019935856 0.3317605482121606 0.5968542839822086 0.26511686718750005 0.8556940328125002 0.4956051967706322 0.915038050823877
0 0.7771189434316285 0.710781459983895 0.506772896875 0.6403299453125 0.4416844749128172 0.8900960097634941 0.7120305214694456 0.9605475244348891
0 0.913149121875 0.9918715640624999 0.8461730129244704 0.6402045200101355 0.64553159523916 0.6784173172516053 0.7125077041896895 1.0300843613039696
0 0.7807934796875001 0.7201111093750002 0.4528146979248989 0.42068821839084036 0.3914561150776856 0.48789855487100375 0.7194348968402868 0.7873214458551636
1 0.6084830015624998 0.6786172874999999 0.3243654813043494 0.3733926525024125 0.2448398306453831 0.4474188878432134 0.5289573509035336 0.7526435228408008
0 0.9431802671874999 0.7588988171875 0.6079300682672336 0.4474165143919751 0.5443195396155047 0.5158808932427849 0.8795697385357709 0.8273631960383098
0 0.8181721110591532 0.4450609684705711 0.8068739475636992 0.3802954253380175 0.5545106768664182 0.42431947508233725 0.5658088403618723 0.4890850182148908
0 0.9106923828125 0.4544953781250001 0.7239254675060487 0.39782805304488184 0.7010762057761483 0.4731357568104949 0.8878431210825996 0.5298030818906132
1 0.9999999999999998 0.4807255875 0.8278710774525031 0.4249475074456914 0.8036023421875 0.499839853125 0.9757312647349968 0.5556179331793086
1 0.11578506875000003 0.3182895078125 0.035387149168816114 0.29909255308622645 0.021321721590009845 0.3579993501006583 0.10171964117119377 0.3771963048269319
0 0.16456985625000006 0.287506665625 0.05034650845006218 0.24959673388207074 0.03147732187500002 0.30644995312500006 0.1457006696749379 0.34435988486792934