1 0.9143021734375001 0.21124835781250012 0.48118233593750004 0.15168669218750003 0.4592713723293914 0.3110185862477139 0.8923912098293917 0.370580251872714
1 0.8941228015624999 0.3596441453125002 0.4597543558177007 0.3008644011652402 0.43838788863020073 0.4587575542902401 0.8727563343749999 0.5175372984375001
1 0.8767228899084794 0.5082718274488294 0.44305364687500004 0.44512008124999997 0.42009472571652096 0.6027812475511709 0.8537639687500003 0.6659329937500003
1 0.8537639687499998 0.6552485703125 0.42287427656250004 0.5947031078125 0.40084476467465535 0.7514826451129918 0.8317344568621552 0.8120281076129917
1 0.8355522797101683 0.7991722503920673 0.40269485937500005 0.7383502109375 0.3805477140398318 0.8959666980454329 0.8134051343750001 0.9567887375000002
0 0.43588816093750005 0.14595421250000004 0.05988772221592623 0.09224605724185775 0.03733415815342621 0.2501392103668577 0.41333459687499996 0.30384736562500003
0 0.4162011653315119 0.293397477384281 0.04060909687500003 0.24092751718750005 0.0187501627934882 0.3973988054282192 0.3943422312500001 0.4498687656250002
0 0.3986629948115282 0.4420092317154848 0.022472564453256016 0.3879178599246398 0.0002502640625000607 0.542467771875 0.37644069442077227 0.596559143665845
0 0.37534986562500017 0.5887672765625002 0.001437292187500061 0.5341575546875001 -0.021286273247456335 0.6897457272277026 0.3526263001900437 0.7443554491027027
0 0.3577570753601399 0.7349938328437078 7.771561172376095e-17 0.68255343125 -0.022789518338860993 0.8380272869413625 0.33496755702127884 0.8904676885350702
0 0.3372822255780942 0.8728500603957171 9.992007221626409e-17 0.8321362750000001 -0.018284365128716673 0.9836080996892571 0.3189978604493774 1.0243218850849742