1 0.7298186781250002 0.6378411937500001 0.6421247888946405 0.6286755934586209 0.6112161013946404 0.9244012340836208 0.6989099906250001 0.9335668343750001
0 0.6566679453125002 0.632689221875 0.5548516944892545 0.6208179532360985 0.5206694000000002 0.9139890687500001 0.6224856508232458 0.9258603373889018
0 0.5855778296875 0.6172331765625001 0.4837400397634795 0.5991787628295961 0.43103405781250004 0.8964723109375001 0.5328718477365205 0.9145267246704039
0 0.49594240156250013 0.60375900625 0.4009811046664352 0.5858936681787856 0.3444895984375001 0.8861682375 0.43945089533356496 0.9040335755712144
0 0.33727747500000016 0.5728469171875 0.2402543470593041 0.547334908195092 0.15903696875000012 0.856207646875 0.2560600966906962 0.8817196558674081
1 0.26000558906250015 0.5625429093750001 0.16883815101209348 0.5337396210907654 0.07249238281250006 0.8386908046875 0.1636598208629067 0.8674940929717344
1 0.1868548562500002 0.5439956687499999 0.10373369914561044 0.5150496691521186 -0.00032585085438965324 0.8138664425896186 0.08279530625000012 0.8428124421875001
1 0.42176148437500005 0.593454996875 0.3216292739129299 0.5700222987301508 0.25176328281250016 0.8685724734374999 0.35189549327457026 0.8920051715823494
1 0.7068368011789363 0.21848636219339562 0.6350624768106752 0.20956402046089137 0.6106509725067387 0.40593838951749583 0.682425296875 0.4148607312500001
0 0.8250319063165834 0.24235789761621987 0.753581646999848 0.2392175440088366 0.7449129625582643 0.43645003076761685 0.8163632218749999 0.43959038437500003
0 0.7705877166898809 0.2294327263235661 0.6954185995072283 0.22223646597386887 0.6762857609423476 0.42209007246280283 0.7514548781250001 0.42928633281250006
0 0.6504862578125 0.21084097812500002 0.5726038205405058 0.1966820564000753 0.5375738971030057 0.3893673376500753 0.6154563343749999 0.4035262593750001
0 0.5842208253937964 0.1972841447120913 0.5069840723942478 0.18156668460602826 0.46815964856295145 0.372352753956437 0.5453964015625001 0.3880702140625001
0 0.5206694000000001 0.18116411718750008 0.4344112337605985 0.16136930128389637 0.3908527125000001 0.35118052187500004 0.47711087873940167 0.3709753377786037
0 0.4464884859375 0.16879929062500007 0.37027519561995764 0.1483644073466834 0.31976251406250006 0.3367548968750001 0.39597580438004243 0.35718978015331676
1 0.38467094218750003 0.15849524062500006 0.3150827208468437 0.13692927220570134 0.25794505468750006 0.32129885312500006 0.3275332760281564 0.34286482154429876
1 0.32285339843750005 0.15231282656250006 0.2541687631832533 0.12955828519565052 0.19303654062500003 0.31408603906250004 0.2617211758792467 0.3368405804293496