0 0.4569960978828707 0.9003096817721783 0.39309603281249994 0.6441370359375002 0.1291882599296292 0.7099665619778219 0.193088325 0.9661392078125001
0 0.40314571601779126 0.6682394517878395 0.34380169800641436 0.43775112220470735 0.08496194917612312 0.5043948032293678 0.1443059671875 0.7348831328125
0 0.3596700546875001 0.4932271031250002 0.34159280234652806 0.26327138043515974 0.044652215625000005 0.2866144390625 0.06272946796597201 0.5165701617523404
0 0.3597954799898645 0.15382698707552947 0.008128435937500008 0.086850878125 -0.030084361303969787 0.28749229581031044 0.32158268274839474 0.3544684047608399
0 0.5793117816091599 0.5471853020751012 0.279888890625 0.21920652031250004 0.21267855414483655 0.28056510315971345 0.5121014451289964 0.6085438849223146
1 0.6266073474975877 0.6756345186956507 0.32138271250000006 0.3915169984375001 0.24735647715919917 0.4710426490964664 0.5525811121567867 0.755160169354617
0 0.5525834856080248 0.3920699317327664 0.24110118281249998 0.0568197328125 0.17263680396169034 0.12043026146422893 0.48411910675721515 0.45568046038449533
0 0.6273974481709417 0.20010374915975876 0.5654863375660064 0.18326801961148936 0.49943755814506474 0.42615344232673075 0.56134866875 0.44298917187500014
0 0.5946015708312893 0.10254565745968977 0.5243682721441443 0.08360861032674254 0.47273627943785507 0.2751001950545528 0.5429695781250001 0.29403724218750005
1 0.5750524925543086 0.1721289225474969 0.5192744125 2.2204460492503132e-17 0.44438206682069126 0.024268735265003193 0.500160146875 0.19639765781250007
1 0.7009074469137736 0.964612850831184 0.6817104921875 0.8842149312499998 0.6228036951730681 0.8982803588288061 0.6420006498993416 0.9786782784099902
0 0.7504032661179293 0.949653491549938 0.7124933343750002 0.8354301437500002 0.6556401151320708 0.8542993303250622 0.693550046875 0.9685226781250001