0 0.8620533281249999 0.9217842578125002 0.8256969910858803 0.6366448078174196 0.5464439914278586 0.6722506006143384 0.5828003284669782 0.9573900506094188
0 0.8321716578124999 0.6745141703125002 0.8002291499999998 0.4303348843750001 0.5266604137304038 0.4661219965454569 0.5586029215429039 0.7103012824829569
0 0.8293830480396565 0.44701864183693 0.7744691187499999 0.20779179687500005 0.48359297071034335 0.2745616956630701 0.5385069 0.5137885406250001
0 0.8068343030616042 0.20387107966948914 0.7116145421875001 0.02233916874999995 0.4350439188133959 0.16741001876801082 0.5302636796875 0.3489419296875
1 0.6505437792133952 0.48039362930240703 0.5410228359375 0.40869876875000005 0.31216507391160486 0.7583014847600932 0.4216860171875 0.8299963453125002
1 0.30551575625000005 0.27888191250000005 0.29454564660185717 0.06733923055060964 0.20865789687500005 0.07179316875 0.2196280065231429 0.28333585069939043
0 0.617839739596536 0.27398885807089596 0.5235059937500001 0.22324614062500014 0.3086151322784641 0.6227411013041043 0.402948878125 0.6734838187500001
0 0.3235543640625 0.5343943890625 0.28725416791374786 0.27340657321785605 0.2121100642186457 0.28385819409037255 0.24841026036739783 0.5448460099350166
0 0.366154411497757 0.32379452587219093 0.22286083749999994 0.18763807343750002 0.1627439478772429 0.25090620225280913 0.306037521875 0.3870626546875
1 0.2461059265625 0.9659193921874998 0.24250047548822443 0.8938185781221628 0.2086963859375 0.895508975 0.21230183701177557 0.967609789065337
1 0.2180487484375 0.9582182609374998 0.21031567615255042 0.8747100527261384 0.17921026311440916 0.8775904930161318 0.18694333539935873 0.9610987012274931
1 0.27784763749999997 0.9708477453125001 0.27591198129208244 0.9161650542216517 0.2377713389405697 0.9175151554999339 0.23970699514848723 0.9721978465907822