1 0.7745408690619575 0.6132917030001652 0.679199308760545 0.590558245928418 0.6012075787610875 0.9176467835532527 0.6965491390624999 0.9403802406250001
1 0.4312755250000002 0.5124559562500001 0.32321598464670087 0.471082605446535 0.19594822656250016 0.8034824515625003 0.3040077669157995 0.8448558023659652
1 0.2507014000000001 0.46319380312500014 0.15468012630006675 0.4177778124612172 4.4408920985006264e-17 0.7448120250000001 0.09602127369993334 0.7902280156637829
1 0.16987525625000016 0.4292953359375001 0.08566925617599037 0.385457225057369 -0.07859048288650974 0.7009739141198689 0.005615517187500041 0.744812025
1 0.8114036123884736 0.1399487929529047 0.7322162733970226 0.11539938659058335 0.667868828125 0.3229605343750001 0.7470561671164511 0.34750994073732144
1 0.7433556768326077 0.11134544286012624 0.6546486898839372 0.08456881121269222 0.5895909864888297 0.30009527929006613 0.6782979734375001 0.3268719109375002
1 0.4462486828125001 0.02178553906250009 0.37670316215378985 -0.010883359578081352 0.28252094281285384 0.18961166025469203 0.35206646347156406 0.22228055889527348
0 0.9372294474801608 0.17403320995983046 0.8535594509636679 0.15932963240671424 0.8136408909835069 0.3864842661968838 0.8973108874999998 0.4011878437500001
0 0.874943373461176 0.15419239916445499 0.793701843028465 0.13341922760749214 0.7365467195672891 0.35694646750553727 0.8177882500000002 0.3777196390625001
0 0.6671678845551166 0.09154994699888837 0.5812889487449728 0.06239014193963388 0.5127347265625001 0.26429010781250006 0.5986136623726437 0.2934499128717546
0 0.60007916875 0.06481051562500009 0.5093160103645145 0.028971555856546226 0.42669389999999996 0.23821433906250009 0.5174570583854856 0.274053298830954
0 0.519252915625 0.04003855625000008 0.43844823880690476 0.005635121510303676 0.351082328125 0.21083481250000005 0.43188700494309523 0.24523824723969642
0 0.7094301966341783 0.5988173436208664 0.6013603496757816 0.5657877869970218 0.5036091984375001 0.8856210828125001 0.6116790453958969 0.9186506394363446
0 0.6105083140625001 0.5701044468750002 0.49804944795183764 0.5356819591490473 0.39931731406250015 0.8582415578125001 0.5117761801731626 0.8926640455384529
0 0.5166456828125001 0.5375097359375001 0.41353133708837236 0.5027278994552333 0.3028473421875001 0.8308620312500002 0.40596168791162784 0.8656438677322669
0 0.33934956562500007 0.4814468218750001 0.23025264947096247 0.4365036980978775 0.09035272656250011 0.7761029265624999 0.1994496427165377 0.8210460503396225
1 0.37673779218750014 0.009301393750000098 0.30014019465551395 -0.02673913275747548 0.21289566718750005 0.15868327500000004 0.2894932647194862 0.19472380150747562