1 0.3721691238692153 0.6470774582088876 0.07673728125000008 0.6113350968750001 0.06614636700017215 0.6988752927400742 0.3615782096193874 0.7346176540739617
0 0.3791016575348038 0.5544911409720703 0.08601093125000006 0.5206693999999998 0.07422005184019627 0.6228462043404295 0.36731077812499996 0.6566679453125
0 0.40157368425623075 0.4891843641303808 0.1035276890625001 0.43103405781250004 0.0837476625954017 0.5324154270028442 0.3817936577891324 0.5905657333207249
0 0.4151747052239584 0.41483570620170135 0.11383176250000002 0.3444895984375 0.09193178820095135 0.4383029295598905 0.3932747309249097 0.5086490373240918
0 0.4526096571132525 0.2571566036720488 0.143792353125 0.15903696875 0.11362807944982309 0.2539746403030226 0.4224453834380756 0.3520942752250714
1 0.46559151041516056 0.18139805329224507 0.16130919531250004 0.0724923828125 0.1292230971072542 0.16214090342207982 0.43350541220991473 0.27104657390182485
1 0.484445031187726 0.10989283118135487 0.18706926875000002 2.2204460492503132e-17 0.1565587915945698 0.08256295073025918 0.45393455403229577 0.19245578191161403
1 0.43059464118719165 0.3312864081749721 0.13142752656250006 0.2517632828125 0.10508397168976766 0.3508681062749816 0.4042510863144592 0.4303912316374537
1 0.789159021875 0.6453347546875 0.5979400356796913 0.6110437053685006 0.5851392687499999 0.682425296875 0.7763582549453085 0.7167163461939994
0 0.7603989171875002 0.7623080359375001 0.5668685780340486 0.7448328653146822 0.560409615625 0.8163632218750001 0.7539399547784515 0.8338383924978181
0 0.7770835484375002 0.7025214437500001 0.580764333215982 0.6762756465342659 0.5707136671875002 0.7514548781250002 0.7670328824090182 0.7777006753407345
0 0.8045203047824036 0.5792970934652222 0.6131850842464004 0.5380105510573625 0.596473740625 0.615456334375 0.7878089611610033 0.6567428767828597
0 0.8174047375000001 0.5120385796875 0.6297648072730796 0.4685116086111565 0.6119297859375001 0.5453964015625 0.7995697161644205 0.5889233726388434
0 0.8397987578148512 0.44128285469764117 0.6488194781250001 0.3908527125000001 0.6262471396203565 0.47633430665529025 0.8172264193102077 0.5267644488529314
0 0.8524087173529031 0.38136921208468405 0.6632451031249998 0.31976251406250006 0.6389115317399453 0.3944788429365474 0.8280751459678484 0.45608554095873144
1 0.8631787197781646 0.3172456062493273 0.6787011468749999 0.25794505468750006 0.6564346298384628 0.3272137699308086 0.8409122027416274 0.3865143214926358
1 0.8704873547929595 0.2601352411538121 0.6859139609374999 0.19303654062500003 0.661342853819095 0.26062611532447827 0.8459162476745543 0.3277248158532903