1 0.39867481692981005 0.9171480870194163 0.3190946859375 0.5909650296875 0.22387072994518994 0.6141971832930837 0.3034508609375 0.9403802406250001
1 0.8040517734374998 0.8034824515625001 0.6709923107512884 0.4714703875062061 0.5638160857649213 0.514423076439234 0.6968755484511328 0.8464351404955279
1 0.9999999999999998 0.7448120250000001 0.8345749855165767 0.41979093553726166 0.7403171434887472 0.467765068257094 0.9057421579721703 0.7927861577198325
1 1.081070394952721 0.6970209675658422 0.9093803883672219 0.3856006804811907 0.822694476227001 0.4333917379153487 0.9943844828124998 0.7448120250000001
1 0.3321311718750001 0.322960534375 0.2706325517345585 0.11457110233363854 0.19111002204705851 0.13803930702113856 0.2526086421875 0.3464287390625
1 0.40955990677107074 0.29709631703796874 0.338258575 0.08670978750000001 0.25040069479142923 0.11648538139953127 0.3217020265625 0.32687191093749995
1 0.7167073328125 0.18997417656250004 0.6234935857695435 -0.01062247103905185 0.5537513171875 0.021785539062500046 0.6469650642304565 0.22238218666405193
0 0.18583446738975198 0.38215666198059334 0.1352803796875 0.16129084218750003 0.05213502479774803 0.18032202395690672 0.10268911249999998 0.4011878437500001
0 0.26336495005101523 0.35618127020789847 0.20437365625000004 0.13391131562499997 0.12322045619898483 0.15544968447960156 0.18221175000000006 0.37771963906250006
0 0.48726527343750003 0.2642901078125 0.41985362239576995 0.06207698586626011 0.33269573815351633 0.09113275050470108 0.40010738919524647 0.29334587245094096
0 0.5733061000000002 0.2382143390625 0.4805557391445069 0.029053706541796155 0.3916111106055177 0.06849538490032976 0.48436147146101094 0.2776560174210336
0 0.6489176718749999 0.21083481250000005 0.5476301260802809 0.006831206268515988 0.46927882329241555 0.04573253412149898 0.5705663690871345 0.24973614035298305
0 0.4963908015625 0.8856210828125001 0.3999295870881275 0.565405035345836 0.29172685427562756 0.5979998009708358 0.38818806875 0.9182158484375001
0 0.6006826859375 0.8582415578125 0.49138735279852297 0.5355883738623323 0.3801359510947119 0.5732736025110418 0.4894312842336889 0.8959267864612095
0 0.6971526578125001 0.83086203125 0.5723743269907903 0.5035712094272669 0.4709017951215066 0.5422572107040142 0.5956801259432163 0.8695480325267473
0 0.9096472734375002 0.7761029265624999 0.7523455454126424 0.43869764142887824 0.6461238571298072 0.48821925788485815 0.803425585154665 0.8256245430184798
1 0.7871043328125 0.158683275 0.6888037204087862 -0.025650300751705758 0.6143704046986774 0.01404317607531751 0.7126710171023911 0.19837675182702327