1 0.37051987239133954 0.8919225065831885 0.3096861596998637 0.45898140782153735 0.15041464512102418 0.4813610746758489 0.2112483578125 0.9143021734375001
1 0.5175372984374998 0.8727563343749999 0.4587575542902401 0.4383878886302006 0.3008644011652402 0.4597543558177005 0.35964414531249994 0.8941228015624999
1 0.66593299375 0.8537639687499998 0.601095724518456 0.41975234737495476 0.4435272558126295 0.4432916000694201 0.5083645250441735 0.8773032214444652
1 0.8119544843750001 0.8312104953125002 0.7499696689243741 0.40052795809252856 0.593263754861874 0.42308143153002853 0.6552485703125 0.8537639687500003
1 0.9567887375000002 0.8134051343750001 0.8915492951983899 0.37965263411452116 0.7341812152935419 0.40332190579111593 0.799420657595152 0.8370744060515948
0 0.3038473656250001 0.41333459687500007 0.25013921036685793 0.037334158153426236 0.0922460572418579 0.05988772221592621 0.1459542125 0.43588816093750005
0 0.44986876562500006 0.39434223124999995 0.39598371494002993 0.018385248262029384 0.23959813230273808 0.040799634556534486 0.2934831829877082 0.41675661754450505
0 0.59589025625 0.37653687187500007 0.5424677718750001 0.0002502640625000052 0.3878815362624595 0.022197313426308575 0.44130402063745955 0.3984839212388086
0 0.744383353577725 0.3526086726746639 0.6897417497769868 -0.021299241648953037 0.5341256727617616 0.0014419513013830265 0.5887672765624998 0.375349865625
0 0.8903075328125001 0.3349910328125 0.8380508350654221 -0.022716283563768192 0.68255343125 -1.1102230246251566e-17 0.7348101289970781 0.3577073163762681
0 1.0243218850849742 0.3189978604493774 0.9836080996892573 -0.018284365128716784 0.8321362750000001 0 0.8728500603957171 0.3372822255780942