0 0.9661392078125 0.8069116749999999 0.9097536948272762 0.5437478366603934 0.6428576964228474 0.6009330026721337 0.6992432094080712 0.8640968410117402
0 0.7348831328125 0.8556940328125002 0.6803727610026298 0.595103200632529 0.4471651125651298 0.6438855600075288 0.501675484375 0.9044763921874999
0 0.5165701617523404 0.937270532034028 0.493227103125 0.6403299453125 0.26327138043515974 0.6584071976534721 0.2866144390625 0.955347784375
0 0.34026527500000026 0.6757122859375 0.13401555493423814 0.6474672790858651 0.08685087812500011 0.9918715640625001 0.2931005981907622 1.0201165709141349
0 0.5937372765625 0.47167984374999994 0.5184574795142692 0.4010697213087159 0.21920652031250004 0.7201111093750001 0.2944863173607307 0.7907212318162842
1 0.7448733328125 0.43784341406250016 0.6545026754149208 0.3626307519904519 0.3915169984375001 0.6786172875000002 0.48188765583507925 0.7538299495720484
0 0.45015667187500014 0.5099356078125001 0.3814240305666303 0.4399780686264866 0.05681973281250006 0.7588988171875002 0.1255523741208698 0.8288563563735136
0 0.44298917187500014 0.4386513312500001 0.20010374915975873 0.37260255182905844 0.18326801961148936 0.43451366243399364 0.42615344232673075 0.5005624418549353
0 0.2940372421875 0.457030421875 0.10254565745968969 0.4053984291687108 0.0836086103267425 0.47563172785585583 0.2751001950545528 0.527263720562145
1 0.19639765781250004 0.499839853125 0.1722982243583175 0.425039480424764 -0.0000509312343705659 0.4805675059699821 0.024048502219812008 0.5553678786702181
1 0.9786494132335749 0.35786373964146323 0.9642650648379053 0.29879559819478024 0.8842149312499998 0.3182895078124999 0.8985992796456694 0.3773576492591829
0 0.968522678125 0.30644995312499995 0.953094931768072 0.24877264440354704 0.8336177261626228 0.28073086271115355 0.8490454725195506 0.3384081714326065