0 0.34447806858915947 0.8505163149117368 0.327622465625 0.55356675 0.058860090785840556 0.5688223772757631 0.07571569375 0.8657719421874999
0 0.5650657390624999 0.7982681328125001 0.5278652520571419 0.5259371745381224 0.28077954736964184 0.5596891526631225 0.317980034375 0.8320201109375003
0 0.7820189859375001 0.7608999156250003 0.7335916567314803 0.48835292288460996 0.4819003593750001 0.5330745218749999 0.5303276885810198 0.8056215146153903
0 0.7255903977029655 0.2857062739941061 0.7166614208003452 0.2130068029425188 0.4644382262223797 0.24398495238591272 0.473367203125 0.31668442343750003
0 0.8161264421875 0.22037133593750008 0.613844413789999 0.21535421867985946 0.6116719593750001 0.30294405625000004 0.8139539877725012 0.3079611735076407
0 0.77928638125 0.5242173171875001 0.36061680306960864 0.3281424856702245 0.31782826821778576 0.41950687802361697 0.7364978463981771 0.6155817095408924
0 0.9432371890625 0.5004006656250002 0.48309011634729365 0.31041129054338873 0.44696183342102236 0.3979126238343131 0.9071089061362286 0.5879019989159244
1 0.5887738421875001 0.5388736859375001 0.21791165369561605 0.3391571830928366 0.1651110634335912 0.4372048765950014 0.5359732519254752 0.6369213794396649
1 0.9284386436392781 0.2914678402184163 0.9230473328125003 0.211586990625 0.7190981501107221 0.22535190978158365 0.7244894609375 0.305232759375
0 0.9803383640624999 0.7193602578125 0.7802551266631067 0.44026671169758397 0.6227102659540253 0.5532112287066957 0.8227935033534184 0.8323047748216117
1 0.08128854531250002 0.23701449375 0.05348812326081122 0.21670097465403115 0.018200439179700444 0.2649945522486794 0.046000861231389245 0.28530807134464825
1 0.10492219656017379 0.23960140229383167 0.10187240443553991 0.20518616250446553 0.03228966412536612 0.21135241021063383 0.03533945625 0.24576764999999998
1 0.12228670016367979 0.21601715027539808 0.12200252031249999 0.1847612625 0.03889431124816238 0.18551688584538176 0.03917849109934218 0.2167727736207798
0 0.13971926093750003 0.15892435156250004 0.04268559030248294 0.1582300404372421 0.042450676562500025 0.19106048437500006 0.13948434719751712 0.191754795500258
0 0.15079222343750004 0.14120761250000002 0.045598138373304814 0.1395916745458076 0.04518567343750003 0.1664422546875 0.15037975850169524 0.16805819264169247
0 0.16289331264869944 0.1471952917254981 0.16260338125 0.11979988437499997 0.04984202993756548 0.12099326164028308 0.05013196133626493 0.1483886689907812