0 0.44643325 0.3276224656250001 0.4311776227242369 0.058860090785840494 0.13422805781250002 0.07571569375000001 0.14948368508826312 0.3444780685891595
0 0.4654713644901422 0.5412849650146535 0.4430996996907132 0.293173124073172 0.1679798890625 0.31798003437500005 0.19035155386192892 0.5660918753164815
0 0.4878594137096154 0.763528231689468 0.466925478125 0.481900359375 0.1937606566358586 0.502205220289659 0.21469459222047388 0.783833092604127
0 0.827792647569912 0.6826891499838391 0.6833155765625001 0.473367203125 0.6231236402975815 0.5149125584034163 0.7676007113049936 0.7242345052622554
0 0.8333151371570431 0.7698914624323064 0.69705594375 0.6116719593750001 0.6352427184809584 0.6649057267317136 0.7715019118880014 0.8231252297890199
0 0.6718575143297756 0.36061680306960875 0.5804931219763831 0.3178282682177858 0.3844182904591075 0.7364978463981771 0.4757826828124999 0.77928638125
0 0.6895887094566115 0.4830901163472937 0.6020873761656871 0.44696183342102247 0.4120980010840757 0.9071089061362286 0.49959933437500015 0.9432371890625
1 0.6608428169071635 0.2179116536956162 0.5627951234049985 0.1651110634335913 0.3630786205603351 0.5359732519254752 0.46112631406250004 0.5887738421875002
1 0.7884130093749999 0.9230473328125001 0.7738314435853794 0.7188437239045641 0.6942364249960161 0.7245273648857091 0.7088179907856367 0.9287309737936452
0 0.5597332883024161 0.7802551266631071 0.44678877129330435 0.6227102659540256 0.1676952251783883 0.8227935033534187 0.2806397421875001 0.9803383640625002
1 0.7720271092541483 0.038968093958657725 0.7248475915001507 0.02888836995259323 0.7158059884960024 0.07120882130643562 0.7629855062500001 0.08128854531250011
1 0.7925273749999999 0.10207502500000001 0.7890326979247211 0.033564317977605646 0.7542323500000001 0.03533945625 0.757727027075279 0.10385016327239435
1 0.8152387375 0.12200252031249996 0.8143606733787294 0.03885133243846413 0.7831389476414974 0.03918102919776412 0.7840170117627681 0.12233221707179998
0 0.8417699595627581 0.04268559030248302 0.8089395156250001 0.0424506765625001 0.8082452044997421 0.13948434719751718 0.8410756484375002 0.13971926093750012
0 0.8604083254541923 0.0455981383733049 0.8335577453124998 0.04518567343750011 0.8319418073583075 0.15037975850169533 0.8587923875 0.1507922234375001
0 0.8802001156250002 0.16260338124999998 0.8777774379507164 0.04959476343640662 0.8504903806550466 0.05017974311128559 0.8529130583293304 0.16318836092487896