1 0.5298972453124999 0.584217 0.5286904406249999 0.49099523281249996 0.46907718002688814 0.49176695774861134 0.47028398471438815 0.5849887249361114
0 0.5320290421875 0.6628331984375 0.5302572446336904 0.5713600494407037 0.4719113153139743 0.5724901862729566 0.47368311286778386 0.6639633352697528
0 0.8360739824278621 0.5822983292783943 0.6413147984375002 0.5786143140625001 0.6380095847596381 0.753347772284106 0.83276876875 0.7570317875000001
0 0.820312690625 0.5879682296875 0.8078566484374999 0.42340839687500004 0.627360896780073 0.4370706779972173 0.6398169389675732 0.6016305108097173
1 0.8385697512484361 0.42340674768335607 0.8035197671875001 0.26864602968749995 0.5994379706265638 0.31486618044164383 0.6344879546875 0.46962689843749994
0 0.8884500138666567 0.7629827935409045 0.6442319625000001 0.69124230625 0.5964634048833433 0.8538554205215956 0.8406814562499999 0.9255959078125002
1 0.8402257246446714 0.08195573817484578 0.7595294359375 0 0.5723874824828875 0.18426606167562415 0.6530837711900588 0.26622179985046995
0 0.8588056743261682 0.24968422315507785 0.7948903640624999 0.11719024843750007 0.5732541537988319 0.2241079190324223 0.6371694640625 0.35660189375000007
0 0.533867046875 0.7488390609375 0.5325602840045692 0.6395850917120827 0.4707460324188643 0.640324438478231 0.4720527952892951 0.7495784077036483
1 0.5548232368656627 0.11862612419864475 0.515798903125 0.09024935000000009 0.42834759125933725 0.21051422423885544 0.467371925 0.2388909984375001
0 0.5301998003344945 0.5060111930312094 0.5282983875000001 0.40855908906250005 0.45884300323262206 0.40991425076442844 0.4607444160671165 0.507366354733138
0 0.5276092055783941 0.4406355246409578 0.5249375578125 0.3274809265625 0.4500131003288151 0.3292499378342144 0.4526847480947091 0.44240453591267215
0 0.524241512410462 0.37818874672143127 0.5224169328125 0.24482536562499999 0.44707414696453796 0.2458561501535687 0.4488987265625 0.37921953125