1 0.8042282515625001 0.8749525203125001 0.6855907637201726 0.6398162911084614 0.5452267763598975 0.7106366444854186 0.663864264202225 0.9457728736894575
0 0.63427053125 0.8749525203124999 0.6265998786379414 0.6879743174461846 0.45344109738794147 0.6950780377586846 0.46111175000000004 0.882056240625
0 0.5700398640625 0.5766963953124999 0.5675694059738484 0.5209799762018681 0.47500247159884845 0.525084380889368 0.4774729296874999 0.5808008
0 0.48707990886087327 0.5809640935577219 0.4845624117438879 0.5234721701622823 0.3882213981955146 0.5276908187920605 0.3907388953125 0.5851827421875001
1 0.649919965625 0.572453659375 0.6467275740558879 0.5133192104524069 0.5517459109375001 0.5184468250000001 0.5549383025066122 0.5775812739225932
0 0.4175916581441125 0.5835308141534357 0.4150147681509925 0.5269654842776235 0.30570468969437997 0.5319452138741878 0.3082815796875 0.58851054375
0 0.3454045203379269 0.589113099210876 0.3442389890625 0.5303245234375 0.2217740749745732 0.5327524898516239 0.22293960625000006 0.5915410656249999
1 0.2795483786818141 0.5888723407988029 0.27628233524472245 0.5286460782743695 0.12648095343790838 0.5367697406005666 0.12974699687500002 0.596996003125
1 0.47483846562500015 0.6952988515625 0.30084783774464197 0.6902202008081317 0.2949669468750001 0.8916949515624999 0.4689575747553582 0.8967736023168683
0 0.3632284109375 0.6999433593750001 0.20719447125115192 0.6509869119602004 0.1285484421875001 0.9016474562499999 0.28458238187384816 0.9506039036647994
1 0.23995498750000005 0.7032608609375002 0.11681928332161964 0.6386250622128845 8.881784197001253e-17 0.8611739437500002 0.12313570417838049 0.9258097424746159