1 0.9120441026529311 0.6359630586838121 0.6895965000000002 0.5869277625 0.652504917659569 0.7551929553786882 0.8749525203124999 0.8042282515625002
0 0.8820562406250001 0.46111175000000015 0.6950780377586847 0.4534410973879416 0.6879743174461848 0.6265998786379414 0.8749525203125001 0.6342705312500001
0 0.5808008000000002 0.4774729296875 0.5250843808893682 0.47500247159884845 0.5209799762018681 0.5675694059738484 0.5766963953125002 0.5700398640625
0 0.5851827421875001 0.39073889531250006 0.5276908187920605 0.38822139819551466 0.5234721701622824 0.484562411743888 0.580964093557722 0.4870799088608734
1 0.5775812739225932 0.5549383025066124 0.5184468250000001 0.5517459109375003 0.5133192104524069 0.6467275740558879 0.572453659375 0.649919965625
0 0.5885105437500001 0.3082815796875001 0.5319452138741879 0.3057046896943801 0.5269654842776236 0.41501476815099264 0.5835308141534357 0.41759165814411264
0 0.591541065625 0.22293960625000012 0.532752489851624 0.22177407497457322 0.5303245234375 0.34423898906250006 0.589113099210876 0.34540452033792696
1 0.596996003125 0.12974699687500008 0.5367697406005666 0.12648095343790844 0.5286460782743694 0.2762823352447225 0.5888723407988028 0.27954837868181415
1 0.8967736023168683 0.4689575747553582 0.8916949515624999 0.2949669468749999 0.6902202008081316 0.30084783774464186 0.6952988515625 0.4748384656250001
0 0.9506039036647994 0.2845823818738483 0.9016474562499998 0.1285484421875 0.6509869119602003 0.20719447125115184 0.699943359375 0.36322841093750013
1 0.9258097424746158 0.12313570417838045 0.8611739437500001 4.4408920985006264e-17 0.6386250622128842 0.11681928332161969 0.7032608609375 0.23995498750000008