1 0.5090047671875 0.528690440625 0.5082330422513887 0.4690771800268882 0.4150112750638885 0.47028398471438815 0.4157829999999999 0.5298972453124999
0 0.4275638218750001 0.4746996109375 0.33832370537177237 0.47295202391070124 0.3371668015625001 0.5320290421875 0.42640691806572784 0.5337766292142987
0 0.4213856859375002 0.6413147984375 0.24665222771589432 0.638009584759638 0.24296821250000006 0.8327687687499999 0.417701670721606 0.8360739824278621
0 0.576591603125 0.8078566484375 0.5629293220027827 0.627360896780073 0.3983694891902827 0.6398169389675731 0.4120317703125 0.8203126906250002
1 0.7313539703125 0.8035197671875002 0.7219395938092898 0.6244183573300794 0.5303731015625001 0.6344879546875 0.5397874780657104 0.8135893645449208
0 0.30875769375000006 0.6442319625000001 0.14614457947840478 0.5964634048833432 0.07440409218750008 0.8406814562500001 0.23701720645909535 0.8884500138666569
1 0.9999999999999998 0.7595294359375002 0.8119675771234395 0.5743865890707632 0.7319636585789736 0.6556391510688127 0.9199960814555339 0.8407819979355496
0 0.8828097515625002 0.7948903640625001 0.7262659642109088 0.5774968172620716 0.6168654851169822 0.6562754451813438 0.7734092724685735 0.8736689919817724
0 0.3596995390625001 0.47275071250000006 0.25208617918354354 0.4711628102546827 0.25116093906250003 0.533867046875 0.3587742989414565 0.5354549491203173
1 0.90975065 0.5157989031250003 0.7849055368773526 0.43194336349505524 0.7592537912395315 0.4701339839368267 0.884098904362179 0.5539895235667718
0 0.5914409109375001 0.5282983875000001 0.5900857492355717 0.45884300323262217 0.49263364526686215 0.46074441606711664 0.4939888069687906 0.5301998003344945
0 0.6725190734375001 0.5249375578125 0.6707500621657856 0.450013100328815 0.5575954640873279 0.45268474809470904 0.5593644753590422 0.527609205578394
0 0.7551746343750001 0.5224169328125 0.7541438498464313 0.44707414696453796 0.62078046875 0.4488987265625 0.6218112532785687 0.524241512410462