1 0.5845125402798249 0.5298047298298578 0.584217 0.4701027546875 0.4909915433123421 0.47056424490604953 0.4912870835921671 0.5302662200484074
0 0.6628331984375001 0.4679709578125001 0.5735801118744892 0.46624216196173257 0.5724358822660103 0.5253156634675282 0.6616889688290212 0.5270444593182958
0 0.7605881708984221 0.35524303034498417 0.7570317875 0.16723123125 0.5750579306640778 0.1706734024675158 0.5786143140625001 0.3586852015625
0 0.5921152703804344 0.3612873059694526 0.5879682296875 0.17968730937499997 0.423209868733638 0.18344975232758823 0.42735690942657245 0.36504974892204084
1 0.4696268984375001 0.36551204531250003 0.42340674768335623 0.1614302487515639 0.2686460296875 0.1964802328125 0.31486618044164383 0.40056202937343616
0 0.9255959078125 0.1593185437500002 0.7869941646265745 0.08790015999924243 0.6578372425149338 0.3385551539805686 0.7964389857008594 0.4099735377313264
1 0.26622179985046995 0.34691622880994144 0.08195573817484576 0.1597742753553288 2.2204460492503132e-17 0.24047056406250006 0.18426606167562418 0.4276125175171127
0 0.3566018937499999 0.36283053593750003 0.2496842231550776 0.1411943256738319 0.11719024843749999 0.20510963593749998 0.2241079190324223 0.4267458462011682
0 0.7488390609375 0.46613295312500014 0.6410468808496543 0.4648436743952639 0.6402979526120517 0.5274590000022022 0.7480901326998974 0.5287482787319384
1 0.2388909984375001 0.5326280750000001 0.11862612419864475 0.44517676313433735 0.09024935000000005 0.4842010968750001 0.21051422423885535 0.5716524087406627
0 0.5072939375000001 0.535544021875 0.5020956754859748 0.46482602617551033 0.4085590890625001 0.4717016125000001 0.4137573510765253 0.5424196081994899
0 0.4423153859375001 0.5435394062500001 0.4364309060172312 0.46671703503258843 0.3274809265625 0.4750624421875 0.3333654064827688 0.5518848134049117
0 0.37921953125 0.5511012734375 0.3790238437146559 0.47621279656074583 0.2448227013670114 0.4765634712156676 0.24501838890235547 0.5514519480924218