1 0.58859593125 0.6306845499999999 0.20041892783415927 0.5876881360433319 0.19167450911702116 0.6666338420190201 0.5798515125328618 0.7096302559756881
1 0.1425738515625 0.3653646671875 0.13745277220278282 0.3484199192778358 0.009628345312500019 0.38705130156249995 0.014749424672217171 0.4039960494721641
1 0.1895079578125 0.368672796875 0.18456023249950632 0.3521537784748809 0.059457065625000007 0.3896242921875 0.06440479093799369 0.40614331058761904
1 0.22527712187500004 0.375289059375 0.2192955123680838 0.35751352107834045 0.1140412234375 0.39293242343749996 0.12002283294441622 0.4107079617341595
1 0.22977689062500004 0.46311875625 0.20853512045526307 0.4189224521332152 0.005125306249999961 0.5166859328125 0.026367076419736946 0.5608822369292847
1 0.14449320000000004 0.45837229687500003 0.13036020862005265 0.42416963610667546 -0.010762180442447344 0.4824832720441754 0.003370810937500046 0.5166859328125
1 0.3161285359375 0.4685432796875001 0.2832304393558479 0.414297705722682 0.09986801250000006 0.5255007843750001 0.1327661090816522 0.5797463583398182
1 0.4103372656250001 0.4780361968750002 0.20870631785901 0.46263383381785017 0.20302564603514148 0.5369989971076778 0.4046565938011316 0.5524013601648278
1 0.50530881875 0.482104590625 0.3203912839018617 0.4716683261932547 0.31603347188645053 0.5488832971717803 0.5009510067345888 0.5593195616035256
1 0.6178253171875001 0.4875291140625001 0.4464684525646021 0.47826658192928023 0.4418787939375452 0.5631752765184459 0.6132356585604433 0.5724378086516658
1 0.7368258171875001 0.4963439671875001 0.5799774195044936 0.48572142869920515 0.5742006986732838 0.5710183101589139 0.7310490963562903 0.5816408486472089
1 0.893431491144449 0.5045564836964594 0.7221265218697239 0.5000779217876721 0.7196112385377749 0.5962874959037128 0.8909162078125 0.6007660578125
0 0.9343633086713359 0.37449467663311997 0.8283759276118732 0.37361419983349614 0.8280283673780374 0.4154517575753764 0.9340157484375002 0.41633223437500017
0 0.8393183037573898 0.37514698860619905 0.7454721754345497 0.3735193067233546 0.7448166544896602 0.41131422436715565 0.8386627828125002 0.4129419062500001
0 0.7513194671875 0.3790386296875 0.662774831774364 0.3732695793847961 0.6605434453125001 0.4075173828125001 0.7490880807256362 0.4132864331152041
0 0.6789272771637344 0.4034878339747198 0.6778988927462215 0.3726845111900319 0.5775115108949871 0.376035994402812 0.5785398953125 0.4068393171875
0 0.41720267812500006 0.3763263671875 0.295083361297488 0.3738054400775601 0.29451326840717823 0.4014220078150183 0.41663258523469027 0.40394293492495825
0 0.3506096403314511 0.39774673034953467 0.3496800108434105 0.37032266870116853 0.22937126810376823 0.374400932393612 0.23030089759180883 0.40182499404197813
0 0.29810067921412886 0.39398488689837485 0.2968328330883681 0.3707357629932735 0.16679902433143926 0.3778269059250817 0.16806687045720006 0.4010760298301831