0 0.21137728437500006 0.6150852296875 0.18174535325360178 0.5647888933194013 0.0490483062500001 0.6429669484375001 0.07868023737139836 0.6932632848055988
0 0.34203960312500004 0.5994572828125001 0.1466002269798506 0.5886417433508877 0.14287447387097543 0.6559669901269615 0.3383138500161249 0.6667825295885739
1 0.43763887031250015 0.6020323062500001 0.25356777056503654 0.5950400745660326 0.25092666302474076 0.6645674574484197 0.4349977627722043 0.6715596891323872
1 0.5527825218750001 0.7169407453125001 0.16188424564690737 0.6878728183342762 0.15522217828381216 0.7774626487442768 0.5461204545119049 0.8065305757225009
1 0.9826134074832138 0.7747466027436523 0.5108943171648137 0.7340866448289008 0.5037917190566 0.8164878889602487 0.9755108093750001 0.857147846875
1 0.5377334031250002 0.6075376359375 0.36673140721302544 0.600241530179666 0.3638321239236481 0.6681932904273044 0.5348341198356229 0.6754893961851385
1 0.6481688796875 0.6107248937500002 0.49205661194190853 0.6051019061576416 0.48946103708706623 0.6771634339553413 0.6455733048326577 0.6827864215476998
1 0.7874519550938115 0.620541918791492 0.6341599252737717 0.6088089280682663 0.6287205593750003 0.6798744781250001 0.78201258919504 0.691607468848226
1 0.9564003382299939 0.6226886835401311 0.7685322656250001 0.6183121093749999 0.7666116383325061 0.7007566273973689 0.9544797109374998 0.7051332015625
0 0.6787459671875 0.5015262390625 0.5993283875119524 0.4997544665414698 0.598640075507468 0.5306072271577067 0.6780576551830156 0.5323789996787369
0 0.7585769735338521 0.5073138816706615 0.6741690599303475 0.5018808994565634 0.6722631812500001 0.5314910171875 0.7566710948535047 0.5369239994015981
0 0.8472979203125 0.5061361875000002 0.7512989046875 0.5061361875000002 0.7512989046875 0.5337960406250002 0.8472979203125 0.5337960406250002