1 0.801790346875 0.8333498187500001 0.798104788689561 0.7251326242976817 0.3638240855645611 0.7399229430476816 0.36750964375000006 0.8481401375000003
1 0.4161554383700081 0.8384417316491986 0.4128765875 0.7417668546875 -0.0032788508700081096 0.7558812933508015 0 0.8525561703125
1 0.9482659093750001 0.6598563421875001 0.9422713823519351 0.5709963002725699 0.7376433226732073 0.5848005750285488 0.7436378496962723 0.673660616943479
1 0.788377640625 0.6700079781250001 0.7830136203194502 0.5835131566423941 0.6219244561317565 0.5935031830150204 0.6272884764373062 0.6799980044976264
1 0.6363410296874998 0.6788906609375 0.6323460129689245 0.5965615404320295 0.4885179504689246 0.6035407904320294 0.49251296718749993 0.6858699109374999
1 0.5184232344682085 0.6850875668199762 0.5120326671885562 0.6032554186883531 0.3476477389703476 0.616092829993377 0.35403830625 0.6979249781250001
1 0.4116962278236299 0.6910344634228585 0.4054309640624999 0.6116360718749999 0.21358110498886998 0.6267747912646413 0.21984636874999994 0.7061731828124999
1 0.3023741312967688 0.703173904174012 0.297649140625 0.6243256171875 0.08878109370323115 0.6368420536384879 0.09350608437499999 0.7156903406249999
0 0.7790984109374999 0.4980646437499999 0.7765359017222357 0.46661566837320567 0.6751110267802625 0.47487991779888317 0.6776735359955265 0.5063288931756775
0 0.693800875 0.5056783703125001 0.6904184104307753 0.4748284804609729 0.6081962842761424 0.48384353464310614 0.611578748845367 0.5146934244946333
0 0.6138567421875 0.5126576203125 0.6107371118937814 0.4804864305477343 0.5322205509562814 0.48810015711023425 0.5353401812499999 0.5202713468749999
0 0.5439009079083724 0.5188142808928764 0.5410504765625 0.4879130078124999 0.45647144521662764 0.49571484566962354 0.4593218765625 0.52661611875
0 0.4136507181408814 0.5233878698259548 0.4087405990872872 0.4964889589898376 0.30415961219640575 0.5155791407263828 0.30906973125 0.5424780515625
0 0.3498826891482911 0.537855462776989 0.34725733124999997 0.5075818015625 0.2354225764767089 0.517280207535511 0.23804793437500002 0.54755386875
1 0.2877528011330058 0.5447251556826105 0.2851578703125 0.5139265749999999 0.16121916449199425 0.5243690161923895 0.16381409531250002 0.5551675968750001
1 0.4764467333448604 0.5260689366760956 0.4753820812500001 0.495526734375 0.38687853384263965 0.4986118258239044 0.3879431859375 0.529154028125
0 0.22018586667886364 0.5518176333170469 0.21840809218750007 0.5244843546875 0.10778591003523474 0.5316792944630996 0.1095636845265983 0.5590125730926465