1 0.7108110921172481 0.857698487385768 0.5935503111283769 0.5880748348904314 0.2342546390625 0.7443344609375 0.3515154200513712 1.0139581134328366
1 0.6756282109375001 0.48875389687500004 0.29520926862124874 0.42053327371637117 0.23428028906250012 0.7602917937500001 0.6146992313787515 0.828512416908629
1 0.7370646769416834 0.18232679257699166 0.36348802793938007 0.10672776817978216 0.2967898140625 0.4363205828125 0.6703664630648033 0.5119196072097095
1 0.8755856312500004 0.5921930828125002 0.8232490604002404 0.584126036783001 0.773362340625 0.9077760859375001 0.82569891147476 0.9158431319669992
1 0.9279825548109113 0.28965156111510504 0.8784587943809525 0.28101122947658663 0.8243573140625001 0.5911045062500001 0.8738810744924589 0.5997448378885185
1 0.9503553140625003 0.7437220875000001 0.8925644239933549 0.7355373083749904 0.8699320646260122 0.8953393228492565 0.9277229546951578 0.9035241019742664
1 0.9650691124999999 0.64721349375 0.9099480679435199 0.6389702666128934 0.8892692453125 0.7772460031249999 0.94439028986898 0.7854892302621066
1 0.9802090914969741 0.5495679156535028 0.9255021968750002 0.5409839468750002 0.9068550580070932 0.6598249034733814 0.9615619526290671 0.6684088722518842
1 0.99923033220094 0.4386529418676071 0.9444569875 0.42899596406250007 0.92348499279906 0.5479468737573931 0.9782583375000001 0.5576038515625001
1 1.0011382741844403 0.3199889983860607 0.9482329096741348 0.31775582190216756 0.9421031276771943 0.462974237578607 0.9950084921875 0.4652074140625001
0 0.9440282582506981 0.9962377526752417 0.9365225734978146 0.8420130522672851 0.8592169730596165 0.8457752995920433 0.8667226578124998 1
1 0.9811986228043226 0.00805422837726002 0.9362933558070115 -0.0004882083553890526 0.8762345642526889 0.315224527329851 0.92113983125 0.3237669640625001