1 0.58859593125 0.36931545 0.5798515125328618 0.29036974402431187 0.19167450911702105 0.3333661579809798 0.2004189278341592 0.41231186395666786
1 0.14257385156250013 0.6346353328125001 0.014749424672217227 0.596003950527836 0.00962834531250012 0.6129486984375001 0.137452772202783 0.6515800807221642
1 0.18950795781250013 0.6313272031250001 0.06440479093799385 0.5938566894123809 0.059457065625000124 0.6103757078125001 0.1845602324995064 0.6478462215251193
1 0.22527712187500004 0.6247109406249999 0.12002283294441629 0.5892920382658404 0.11404122343750005 0.6070675765625 0.21929551236808384 0.6424864789216596
1 0.229776890625 0.5368812437499999 0.026367076419736946 0.43911776307071515 0.00512530625000005 0.48331406718750003 0.2085351204552631 0.5810775478667848
1 0.14449320000000007 0.5416277031250001 0.003370810937500046 0.48331406718750014 -0.010762180442447278 0.5175167279558246 0.13036020862005276 0.5758303638933245
1 0.3161285359375 0.5314567203125 0.13276610908165218 0.420253641660182 0.09986801250000006 0.47449921562500014 0.2832304393558479 0.5857022942773181
1 0.41033726562500006 0.521963803125 0.4046565938011315 0.4475986398351723 0.20302564603514134 0.4630010028923223 0.2087063178590099 0.53736616618215
1 0.5053088187500001 0.5178954093750001 0.5009510067345889 0.44068043839647447 0.3160334718864506 0.45111670282821964 0.3203912839018617 0.5283316738067453
1 0.6178253171875 0.5124708859375 0.6132356585604432 0.42756219134833434 0.44187879393754514 0.4368247234815542 0.446468452564602 0.5217334180707199
1 0.7368258171875001 0.5036560328124999 0.7310490963562903 0.41835915135279117 0.5742006986732837 0.42898168984108614 0.5799774195044934 0.5142785713007949
1 0.8934314911444486 0.49544351630354055 0.8909162078124997 0.3992339421874999 0.7196112385377749 0.4037125040962873 0.7221265218697239 0.4999220782123279
0 0.9343633086713357 0.6255053233668804 0.9340157484375002 0.5836677656250001 0.8280283673780376 0.5845482424246239 0.8283759276118732 0.6263858001665041
0 0.8393183037573895 0.6248530113938012 0.8386627828124998 0.5870580937500001 0.7448166544896598 0.5886857756328445 0.7454721754345494 0.6264806932766457
0 0.7513194671874999 0.6209613703125001 0.749088080725636 0.5867135668847961 0.6605434453125001 0.5924826171875001 0.6627748317743639 0.626730420615204
0 0.6789272771637345 0.5965121660252802 0.5785398953125 0.5931606828125001 0.5775115108949871 0.623964005597188 0.6778988927462215 0.6273154888099681
0 0.41720267812499995 0.6236736328125 0.4166325852346902 0.5960570650750417 0.29451326840717823 0.5985779921849816 0.295083361297488 0.6261945599224399
0 0.3506096403314512 0.6022532696504653 0.23030089759180897 0.5981750059580219 0.22937126810376834 0.6255990676063881 0.34968001084341055 0.6296773312988314
0 0.2981006792141289 0.6060151131016254 0.16806687045720006 0.5989239701698172 0.16679902433143928 0.6221730940749185 0.29683283308836816 0.6292642370067266