1 0.5615412253509346 0.056429696741431966 0.16414136406250002 0.03633991875000002 0.14552935589906552 0.4045077235710681 0.5429292171875001 0.42459750156250003
1 0.545853909188483 0.39384518841510985 0.14730632812500002 0.37724908124999995 0.13378666583916074 0.7019173089982627 0.5323342469026436 0.7185134161633726
1 0.6125259165174578 0.7796252218819447 0.4860577975322965 0.5273084229573725 0.04945776226483867 0.7461443682629278 0.17592588125000005 0.9984611671875001
1 0.7695590546875002 0.5052328968750002 0.7116792035794777 0.5029697552482393 0.6998320520460255 0.8059606766744822 0.757711903154048 0.8082238183012432
1 0.7866891207332739 0.2097176184678297 0.7308745596370381 0.2064203514237831 0.7131227921875001 0.5069137890625001 0.7689373532837359 0.5102110561065467
1 0.8448745531249999 0.652466153125 0.7899404794192451 0.6516415880102213 0.7878169582335126 0.7931145502323315 0.8427510319392674 0.7939391153471101
1 0.8473608390624999 0.5603133093750001 0.7941435296913852 0.5584831543774206 0.7898682743239802 0.6827991756043674 0.843085583695095 0.6846293306019471
1 0.8535409277008036 0.4633060742680656 0.8007432718750002 0.4597192859375002 0.7932292106746031 0.5703265424995424 0.8460268665004065 0.5739133308301078
1 0.8579273410831293 0.35143639197981913 0.8044692210895447 0.3489785399669721 0.7991416237564153 0.4648534323621531 0.8525997437499999 0.46731128437500014
1 0.8667433301127284 0.2369939175373425 0.8106883531249999 0.2335575984375001 0.8022276917622717 0.37157219027515775 0.8582826687500003 0.3750085093750001
1 0.874914059682524 0.12079658542883968 0.8180583218749999 0.11703036406250011 0.8073761903174761 0.2782902614461606 0.8642319281250002 0.2820564828125002
1 0.8795307659716338 0.006519463894099742 0.8241202128720666 0.003934091206728452 0.815925009400433 0.17957637262512885 0.8713355625000002 0.18216174531250012
0 0.9572513720981263 0.33733451728769576 0.9267763109375 0.3352182000000001 0.9209142622768738 0.41963195614980436 0.9513893234375 0.42174827343750004
0 0.9524670521482983 0.4077478755210084 0.9218537140624997 0.40628824375000006 0.9183146791017014 0.48051359010399175 0.9489280171875001 0.481973221875
1 0.9458513843750002 0.5418232046875001 0.9145709210880517 0.5397472533050136 0.9096037126275072 0.6145932170397608 0.9408841759144556 0.6166691684222473
0 0.9501464275083229 0.479961293201087 0.9167973934789378 0.47783229262603477 0.9126238328125 0.5432076703125002 0.9459728668418851 0.5453366708875523
0 0.9425696531250003 0.6028684328125001 0.9106018455134093 0.6016299782319091 0.9072910249999999 0.6870910640625001 0.9392588326115909 0.688329518643091
1 0.9384674828125 0.6704772843750002 0.9105428591075473 0.6687567119441308 0.9053654149897744 0.7527858269922991 0.9332900386947272 0.7545063994231686