1 0.6947735153242632 0.48744336811769334 0.6923047781250001 0.4005328 0.3371510737382369 0.4106211146948067 0.33961981093750004 0.4975316828125
1 0.9739479624999999 0.3035339171875 0.9629279649449677 0.19890789849609058 0.7875134040074676 0.21738387662109063 0.7985334015624999 0.3220098953125
0 0.8259594867911317 0.31801090924582587 0.8154587171875001 0.22303144375 0.6420146710213682 0.2422071251291741 0.652515440625 0.337186590625
1 0.7033273339766348 0.33227165272046655 0.694086390625 0.23952785312499997 0.5189328175858651 0.2569800629045334 0.5281737609375 0.3497238625
1 0.5960341878557615 0.3438956570782823 0.5875608328124999 0.2586636859375 0.40946315589423854 0.2763693054217177 0.41793651093750006 0.36160127656249996
0 0.49689373689329897 0.2739319175472314 0.448280928925804 0.23019141366660026 0.3229171984375 0.3695195515625001 0.371530006404995 0.41326005544313127
1 0.9302226203124999 0.09075101093750002 0.9215722542957225 0.05234570195409118 0.8230440027332226 0.07453808789159108 0.83169436875 0.11294339687499992
1 0.8442705784064899 0.10984725059035798 0.8361934261995116 0.07555745449428383 0.7355659493555218 0.0992608164039259 0.7436431015624999 0.13355061250000005
1 0.7674174790091233 0.12845840395955863 0.759692953125 0.09273247343749998 0.6536630881783767 0.11565785072794135 0.6613876140625 0.15138378125000002
1 0.69448725915291 0.14450300202626565 0.6876915375 0.11215081093750001 0.5794696736595899 0.1348832948487344 0.5862653953124999 0.16723548593750004
1 0.6243692369607282 0.158541563292952 0.617696353125 0.1287951015625 0.5100431567892718 0.15294443670704796 0.516716040625 0.18269089843749997
0 0.5649674145027033 0.17301351341187793 0.5590698140625 0.14187275781250003 0.4472877792472968 0.1630426287756221 0.45318537968749995 0.194183384375
1 0.7299172836274397 0.862192190494546 0.3884767221846935 0.8174277840715304 0.3647445500000001 0.9984449546875 0.7061851114427464 1.0432093611105158
1 0.45267796406250016 0.8256807609375002 0.143597852091529 0.7704390256893909 0.10299809531250019 0.997596578125 0.41207820728347133 1.0528383133731094
1 0.24762536250000006 0.7919249515625 0.10169534753950948 0.6977960975937 -0.03251875402299054 0.9058711460312001 0.11341126093750002 1