1 0.9844935734375001 0.00589225000000005 0.5398006677507542 0.0040954567682992965 0.5388525292411086 0.23875265683396618 0.9835454349278544 0.24054945006566691
1 0.5387800171875 0.509528590625 0.12171955625000004 0.336744396875 0.08039580676146614 0.43649022220373457 0.4974562676989661 0.6092744159537344
1 0.4020332127318236 0.6047725094025986 0.248905628125 0.5497840515625 0.21772098414317648 0.6366246249724012 0.37084856875000005 0.6916130828125
1 0.533738709375 0.6542105109375 0.39741778593750005 0.6029824312500001 0.36505509941283876 0.6891014374448907 0.5013760228503388 0.7403295171323907
1 0.8958756015625001 0.6561808125000002 0.5323399609559745 0.5061145405547803 0.4961488031250001 0.5937876437500001 0.8596844437315256 0.74385391569522
1 0.9955763171874998 0.8462336890625002 0.979071471503512 0.7796655667955976 0.7772397756637858 0.8297075520662043 0.7937446213477737 0.8962756743331068
1 1.0043907490082078 0.90267926353714 0.9959457609375001 0.8475472140625 0.8707961637997175 0.8667173132145114 0.8792411518704253 0.9218493626891515
1 0.9039569046875 0.798946228125 0.7118738898027464 0.7253964985701357 0.6807905477863218 0.8065739832916126 0.8728735626710755 0.880123712846477
1 0.7857844296875 0.7525618249999999 0.6151725410512037 0.6873148941719746 0.5841312482388312 0.7684836713883331 0.7547431368751275 0.8337306022163584
0 0.65796054375 0.7046175734375001 0.5121161850644304 0.6470852491464371 0.47915486718750006 0.7306421421875001 0.6249992258730697 0.7881744664785632
0 0.6457692468750003 0.8878565015625 0.5395193844504249 0.850651147080125 0.5255702398903193 0.8904866683665528 0.6318201023148945 0.9276920228489279
0 0.5718826124999999 0.8622424546874999 0.474446272150829 0.8282947757841972 0.4620215062655131 0.8639562335530417 0.5594578466146839 0.8979039124563444
1 0.4987348359375 0.8359716453124999 0.41042526382271627 0.8062493161774468 0.39749499023976875 0.8446671306848073 0.4858045623545525 0.8743894598198605
1 0.42138476875000014 0.8102755015625002 0.34112467465289165 0.7842722473498717 0.3286570234375001 0.8227541562500003 0.40891711753460863 0.8487574104626286
1 0.3427418756700004 0.7833846524414948 0.2599424562500001 0.7564203578125 0.24713414815390067 0.7957509054385871 0.32993356757390097 0.8227152000675819
1 0.2721807962029338 0.7593582438426634 0.17497279843750008 0.730806284375 0.16310387254706643 0.7712152280323366 0.26031187031250014 0.7997671875
0 0.28413334125404854 0.5630259902736857 0.09258918750000004 0.4937943671874999 0.06105579468345159 0.5810382706638142 0.2525999484375001 0.65026989375
1 0.20042550419375083 0.7387532249532522 0.08779797968750011 0.7025130921875 0.07563322612600279 0.740318860966438 0.18826075063225348 0.7765589937321902
1 0.12633560256860635 0.7134212957757393 0.0007041562500000875 0.675863325 -0.010920594756106138 0.7147481276617607 0.11471085156250012 0.7523060984375001