1 0.50813804375 0.6661349984375 0.09749374345021274 0.6595462412278953 0.09616406917718466 0.7424181917496542 0.5068083694769719 0.7490069489592589
1 0.9336113274101466 0.6810103894799059 0.4761905390275974 0.6652217376357089 0.47245725849245074 0.7733804419058031 0.929878046875 0.7891690937500001
1 0.2216977359375 0.53503514375 0.18623085505506473 0.4804745874188849 8.881784197001253e-17 0.6015332421875 0.035466880882435346 0.6560937985186153
1 0.3195165312011657 0.6126791261904033 0.31914620929568605 0.5339393223209995 0.0946988702820204 0.5349949226930961 0.0950691921875 0.6137347265625
1 0.41955101621563207 0.614861949464209 0.4179891359375 0.533814996875 0.22331837613656158 0.5375665558263055 0.22488025641469372 0.6186135084155145
1 0.5274593390625001 0.53625529375 0.35210027564411533 0.5333507948348915 0.3507284453125001 0.6161750234375001 0.5260875087308848 0.6190795223526087
1 0.639674878125 0.5368653671875 0.48604197783416625 0.5360301210849729 0.4855773319098272 0.6214958308303341 0.639210232200661 0.6223310769328612
1 0.7850451528021871 0.5352972474327865 0.6295941357143505 0.5337270332906724 0.6286935406249999 0.6228858421875 0.7841445577128365 0.6244560563296141
1 0.953417288940542 0.5377932342878967 0.7597832515625 0.5368653671875001 0.7593521126219581 0.6268385688371034 0.9529861500000001 0.6277664359375
1 0.11874769999999998 0.4459643 0.11194224785283716 0.4276989530671931 0.0006983265624999957 0.469147121875 0.007503778709662834 0.4874124688078069
1 0.9051143843749998 0.44108370625000004 0.9005394578513058 0.4036180848464735 0.7985610984374999 0.41607066093749995 0.8031360249611937 0.45353628234102655
0 0.82121010625 0.4496247453125001 0.8202688808698465 0.4146817493076821 0.7234075734375 0.41729080781250005 0.7243487988176536 0.45223380381731804
0 0.7313004093749998 0.45084489375 0.7305563626012006 0.41652574702764966 0.6461373329137007 0.4183559704651497 0.6468813796874999 0.45267511718750003
0 0.6530583828125 0.4221714031250001 0.5675323794426241 0.42141495527475764 0.5672567808145548 0.4525748682620616 0.6527827841844307 0.4533313161123041
0 0.5849490804031457 0.45333224299270425 0.5839010853596885 0.4200993343666354 0.4886629987065428 0.4231026538739311 0.48971099375 0.45633556249999996
0 0.32434063716397515 0.46601237190775385 0.3239231651127116 0.4305078861577811 0.19445912944818128 0.4320301618756816 0.1948766014994448 0.4675346476256544
0 0.25080961142861435 0.4656011962161937 0.25052374531250005 0.4337628140625 0.12738417138388566 0.43486844284630627 0.1276700375 0.466706825
0 0.19390122656250003 0.4343728875000001 0.18129369480977436 0.40832008100691236 0.059379846875000045 0.4673169 0.07198737862772571 0.4933697064930877