1 0.847182909375 0.2584175093750001 0.5327888328125 0.18939388281250008 0.4483263263341913 0.5741101466610432 0.7627204028966913 0.6431337732235433
1 0.5351847627578772 0.18152176511366994 0.19850850156250002 0.13047136250000002 0.13757157285749716 0.5323490417102322 0.4742478340528743 0.5833994443239021
1 0.2752130828125 0.553030253125 0.19850850156249997 0.128787809375 -0.04290225864519099 0.1724357553638438 0.03380232260480903 0.5966781991138438
1 0.9648259359374999 0.815636003125 0.65508502445265 0.7792849540821287 0.6498526052477834 0.8238694801538464 0.9595935167326335 0.8602205291967178
1 0.6818218859375003 0.7836529359375 0.3870547609375 0.7442891906249999 0.38105893474209096 0.7891876736222259 0.6758260597420912 0.8285514189347258
1 0.39040402502576804 0.7450464265419886 0.06997259843750012 0.7115372765625 0.06507728815585838 0.7583487074134421 0.38550871474412635 0.7918578573929308
1 0.2347584193217287 0.8173540105795082 0.0791207421875001 0.8015431890625001 0.07331137068448182 0.8587291540907517 0.2289490478187104 0.8745399756077596
1 0.3346748371244659 0.8285879885917204 0.2001718015625001 0.8127786484374999 0.19346831168407913 0.8698107401447448 0.3279713472460449 0.8856200802989654
1 0.4330371765625001 0.8361137828125003 0.3192782875000001 0.8257426156250002 0.31418716887783715 0.8815858961422312 0.4279460579403372 0.8919570633297311
1 0.5438790828125002 0.847349240625 0.4277264857281643 0.8364811669480016 0.4228279828125001 0.8888339437500002 0.538980579896836 0.8997020174269987
1 0.6505887593750002 0.8579364796875002 0.5189121281945733 0.8473917923431007 0.5149532375000001 0.8968283828125001 0.6466298686804269 0.9073730701568996
1 0.7590000109375 0.8752217578125 0.6240533537412454 0.8525280649978371 0.6148872217717483 0.9070339084850694 0.749833878968003 0.9297276012997324
1 0.8640081156250001 0.8864571796875002 0.7045689581283133 0.8695543651764155 0.6989147026866546 0.9228892534755166 0.8583538601833414 0.9397920679866013
1 0.34609838303602747 0.9526582389857653 0.2673818984375001 0.9433906515625001 0.2645046325889728 0.967829401639235 0.34322111718750015 0.9770969890625002
1 0.21303602834178798 0.9411297492798989 0.1191064859375001 0.9312909015624999 0.11643107448512695 0.9568325280499395 0.21036061688941482 0.9666713757673383
0 0.4122543703125001 0.9572188734374999 0.3398180937500001 0.9503047624999998 0.3373134670124765 0.9765446994470768 0.4097497435749765 0.9834588103845767
0 0.48274590937500006 0.9632687296875 0.4090614988100277 0.9559403728885572 0.4066027765625 0.9806620812500002 0.4802871871274724 0.987990438048943
0 0.5516574578125001 0.97115516875 0.4735410486706977 0.9602558627503569 0.47010597812500005 0.9848753546874999 0.5482223872668024 0.9957746606871429
0 1.0002456273385376 0.2808108635195282 0.741935003211278 0.2302064458020941 0.6683464500000001 0.6058397593750002 0.9266570741272595 0.6564441770924343