1 0.8272934453125 0.7993995234375001 0.8158649284658805 0.7041767626978664 0.42588963125 0.7509811109374999 0.43731814809661945 0.8462038716771335
1 0.4720940953125 0.8415051359375001 0.46224927835725704 0.7457988075127124 -0.009844816955242952 0.7943606950127124 0 0.8900670234375001
1 0.82236279375 0.670547525 0.6377225397749011 0.5618088540008899 0.6034599584387332 0.6199873443357984 0.7881002124138321 0.7287260153349084
1 0.9265930765625002 0.6593083187500004 0.7238337478709351 0.564870190537229 0.7007709335522166 0.6143862158704076 0.9035302622437819 0.708824344083179
1 1 0.6431167750000002 0.8101560633111902 0.5651711614132421 0.7941463182022808 0.604164414490618 0.9839902548910905 0.682110028077376
1 0.7078223812500001 0.68136511875 0.7029459894466441 0.6028377940757997 0.516874548730694 0.614392463130303 0.52175094053405 0.6929197878045034
1 0.5820318984374999 0.6887995437499999 0.574492057834846 0.6081403893148132 0.40752269375 0.6237483187499999 0.41506253435265383 0.7044074731851866
1 0.450679534375 0.7014380687500001 0.4448135033668317 0.6210633292251468 0.29290170989798653 0.6321503858832797 0.2987677409061549 0.712525125408133
1 0.303979728125 0.7125897062500001 0.2946166829040694 0.628344244773884 0.13407490634156943 0.646186866648884 0.1434379515625 0.7304323281250001
1 0.1681109515625001 0.6412192187500001 0.031468523308111965 0.6016814791970155 0.005331870183111942 0.6920097526345156 0.1419742984375001 0.7315474921875001
1 0.1254044467901989 0.5514268392070242 0.1252436171875 0.5198538874999998 0.010801412584801084 0.5204368451679757 0.0109622421875 0.552009796875
0 0.2038977062500001 0.5164434124999999 0.10660780625000006 0.5164434124999999 0.10660780625000008 0.5500609546875 0.2038977062500001 0.5500609546875
0 0.2839220734375 0.5471376890624999 0.2833931313153083 0.5151036429901332 0.1948730250653083 0.5165652758026332 0.1954019671875 0.548599321875
0 0.366138890625 0.54275279375 0.3649033742966906 0.5128687391627254 0.27844095312499995 0.5164434124999999 0.2796764694533094 0.5463274670872745
0 0.4434226984375 0.5393423171875 0.44212619791616836 0.5098585165081332 0.3477771343750001 0.5140073578125002 0.34907363489633175 0.5434911584918669
0 0.7292631640625002 0.5354446312500002 0.6142633092652727 0.48901706655381594 0.6036310440034046 0.5153529075414205 0.718630898800632 0.5617804722376049
0 0.7942144500000001 0.5330085781250001 0.6656472733516964 0.48856560269110433 0.6577866963914699 0.5113051284932457 0.7863538730397737 0.5557481039271416
0 0.8547808375000001 0.5295981031250002 0.7347329829024559 0.48275015959598055 0.7240561000000001 0.5101096718750002 0.8441039545975443 0.5569576154040197
1 0.911784496875 0.5276492593750001 0.7936894406640643 0.49161361966973727 0.7883558330854481 0.509092778967464 0.9064508892963836 0.5451284186727267
1 0.9671438203125001 0.5247259937500002 0.8383143843100651 0.49076884990643405 0.8340999251671969 0.5067580154538149 0.9629293611696319 0.5407151592973811
1 0.9997564921875 0.5159562015625002 0.8843328361741467 0.4898993609537296 0.8808277531614518 0.5054257826726917 0.9962514091748051 0.5314826232814622