1 0.44191914218750006 0.7484611671875001 0.03544304443160491 0.650050807512651 -0.022848144630895108 0.8908178887626509 0.3836279531250001 0.9892282484375
1 0.5153982608564337 0.46491414373710666 0.11922572860086103 0.36531107384449796 0.03956232187500006 0.68217333125 0.4357348541305727 0.7817764011426087
1 0.7117469216719423 0.5474461884888059 0.6504132537650502 0.5391600825205238 0.608276153125 0.8510584515625 0.669609821031892 0.8593445575307819
1 0.7436347861452075 0.3053294058529639 0.6927173838472459 0.29790214091502426 0.6528226258270385 0.5713995131870604 0.7037400281250001 0.578826778125
1 0.5940448906249999 0.10757782500000004 0.4875663724173151 -0.06262240337281774 0.3846268562499999 0.001777317187500027 0.4911053744576847 0.1719775455603178
1 0.7627507640982407 0.8028113555995098 0.7041020706899037 0.7974848465945726 0.6920788468750002 0.9298691843750001 0.7507275402833373 0.9351956933799371
1 0.7694467140090437 0.6814591664614378 0.713074416031937 0.6782892787273951 0.7058651098353933 0.8064973388284574 0.7622374078125 0.8096672265625001
1 0.7689747500145776 0.5707170432894071 0.7212143494572548 0.5702203494495758 0.7198012869426773 0.7060956639726689 0.7675616875000001 0.7065923578125002
1 0.7983020590105598 0.4851145549870347 0.7436578828125 0.47117998750000006 0.7129729738019401 0.5915103512629655 0.7676171500000001 0.6054449187500002
1 0.8047383920921598 0.3875491802435641 0.7552444520878447 0.3811605235037095 0.7372019021831849 0.5209390276351455 0.7866958421875001 0.5273276843750002
1 0.8068940698196766 0.2954192178241374 0.7622426255453435 0.29235707349838735 0.751472827600667 0.44939964942425004 0.796124271875 0.4524617937500001
0 0.8942683959332296 0.4651243238108253 0.8555787531250001 0.35338019687500005 0.8328665247056071 0.36124394800914145 0.8715561675138366 0.47298807494496664
0 0.8674566500673123 0.6731057546165851 0.8380345496901807 0.6712302509460197 0.8324238043103682 0.7592492275794347 0.8618459046875 0.76112473125
0 0.8670640156310823 0.7471199471161262 0.8347807843750001 0.7439039968750001 0.8266232281189181 0.8257934091338741 0.8589064593750002 0.8290093593750003
0 0.8586633475025112 0.8218435650928934 0.8248424006970756 0.8216862402456433 0.8244649843750003 0.9028214046875 0.8582859311804357 0.90297872953475
1 0.8572980687500001 0.9005752156250002 0.8248422314688222 0.8981081197853047 0.8179218223460809 0.9891494440796151 0.8503776596272589 0.9916165399193106
0 0.6062851267404057 0.3010974923455323 0.2703633234374999 0.14461874687500004 0.15446257950959424 0.3934294514044677 0.4903843828124999 0.5499081968749999