1 0.47055640781249997 0.33781146093750003 0.46904938486892006 0.2504983227064793 0.049932614150184365 0.25773226942181854 0.05143963709376426 0.3450454076528392
1 0.8887973318137277 0.34179627389798395 0.8862780812500001 0.23226612656249995 0.43702128977509275 0.2425992672795947 0.4395405403388205 0.3521294146150787
1 0.18326305625000003 0.4796066374999999 0.03349059202776668 0.3819025979818975 0 0.43324099218749995 0.14977246422223336 0.5309450317056024
1 0.2869197684402067 0.4001578987065275 0.05608544531250005 0.3990768328125 0.05571395045935116 0.47840017789795103 0.2865482735870578 0.47948124379197854
1 0.386107607889674 0.3990787026097603 0.18568752654201698 0.3972468116685949 0.18496541420821475 0.47625032079164037 0.38538549555587176 0.4780822117328058
1 0.4969174953125 0.3972466109375 0.3177844343750001 0.3972466109375 0.3177844343750001 0.48082678593750006 0.4969174953125 0.48082678593750006
1 0.6063876999999999 0.477166340625 0.6059298201225266 0.394747848927232 0.45503853427889096 0.3955861326915993 0.45549641415636427 0.4780046243893673
1 0.7482305776777936 0.4782541224567309 0.7477724140625 0.3911458671875 0.594368271107778 0.3919527275306433 0.5948264347230716 0.47906098279987414
1 0.9113694917624106 0.4750299399782687 0.9100903031249997 0.387485421875 0.7221283848000892 0.39023189595923125 0.7234075734374998 0.4777764140625
1 0.9999999999999998 0.4564238156250002 0.9080313015624999 0.3887055703125002 0.8448029703998351 0.47457647991110025 0.9367716688373349 0.5422947252236002
1 0.8685671218750002 0.5705077062500001 0.7686768761334432 0.5625670180796334 0.765960253125 0.5967409000000001 0.865850498866557 0.6046815881703667
0 0.6976700640625001 0.5637968890625003 0.6139373687500002 0.5607465171875001 0.6127500927319789 0.5933372389560756 0.6964827880444788 0.5963876108310757
0 0.78359806875 0.5636237875000001 0.6909860364751935 0.5632280090361198 0.6908400854932054 0.5973804915181027 0.7834521177680119 0.5977762699819829
0 0.6202800287913045 0.5620980134690137 0.5365455640625001 0.5606666546875001 0.5360649994922783 0.5887796739911532 0.6197994642210827 0.5902110327726667
0 0.55213345 0.5599907578125001 0.45974671562499997 0.5599907578125001 0.45974671562499997 0.5897302453125 0.55213345 0.5897302453125
0 0.29372212227421574 0.5516272109109532 0.15836795352903366 0.5478277959869337 0.15747245535175758 0.5797299213988645 0.2928266240969396 0.583529336322884
0 0.22250670937500008 0.5498522953125 0.09248093750000007 0.5498522953125 0.09248093750000007 0.5816194765625 0.22250670937500008 0.5816194765625
0 0.1620561312500001 0.5816194765625 0.03463733142276744 0.5239374018444785 0.02290574375000003 0.5498522953125 0.15032454357723268 0.6075343700305215