1 0.2965203625000002 0.42801638750000004 0.0226292398164915 0.39876377568375015 -0.020750799246008544 0.8049294772462501 0.25314032343750015 0.8341820890625
1 0.5770446171875 0.795622053125 0.5368967820037067 0.4047597322110482 0.21154648669120674 0.4381784306485483 0.251694321875 0.8290407515625
1 0.8624084031249998 0.7665113000000001 0.8242844588715016 0.3937031266991584 0.49655424999999986 0.42721732812499996 0.5346781942534982 0.8000255014258417
1 1.0253785628064964 0.6348424118512127 0.7892033397341092 0.339109958106659 0.6243309925526126 0.4707788462554462 0.860506215625 0.7665112999999999
1 0.927897676067268 0.2207977604606314 0.6379502234375 0.21529949687500008 0.6370846281764543 0.260946115491922 0.9270320808062221 0.26644437907755336
1 0.6695898882127661 0.21873977820818427 0.379886721875 0.21079060781250009 0.3786205049802745 0.25693718983463354 0.6683236713180406 0.2648863602303177
1 0.38341648758287616 0.2064252974796807 0.05247945791763803 0.1950136750398116 0.05080820312500002 0.2434800609375 0.38174523279023814 0.2548916833773691
1 0.13375920000000002 0.09640754218750001 0.0016174435032855644 0.08879678757997594 -0.0018229955251365143 0.1485314236022827 0.13031876097157793 0.15614217820980675
1 0.2376985828125 0.10528718593750004 0.089264245694507 0.09441785006500852 0.08500045156250001 0.15264527656250002 0.233434788680493 0.16351461243499152
1 0.33640531875000007 0.11120694687500003 0.21489354928098675 0.10087595924520812 0.210060696875 0.15771935781250004 0.33157246634401333 0.16805034544229197
1 0.44583361079835776 0.1190028506250855 0.3332703245798049 0.11101831279142275 0.3295077390625 0.16406195781250005 0.44207102528105285 0.1720464956461628
1 0.5533842869288811 0.12257637328609036 0.4320200359375 0.11628102812500007 0.4293299376788883 0.1681418478092821 0.5506941886702694 0.17443719297037238
1 0.6549057765713544 0.1232614452188586 0.522881888451429 0.12262364786090121 0.5226214603175747 0.1765322042045427 0.6546453484375001 0.17717000156250007
0 0.7533444741665879 0.1260622914858198 0.6099300078125001 0.12473782968750007 0.6094619227084122 0.17542270070168037 0.7528763890625001 0.17674716250000008
0 0.8497253596836487 0.12794639801176572 0.705086767319018 0.12642937666363083 0.704564095507945 0.17626289754007157 0.8492026878725755 0.17777991888820646
1 0.6189535011300269 0.03739095265888317 0.5340566374999999 0.030444487500000072 0.5319085842299842 0.05669711835086662 0.6168054478600111 0.06364358350974972
0 0.5557114289995546 0.03407705303625376 0.4724541203125 0.025370406250000054 0.46970105865909584 0.05169655792918022 0.5529583673461504 0.06040320471543392
1 0.48777408961444124 0.026379155428361934 0.41132729843750004 0.01945064375000005 0.4085075123181195 0.05056318431266414 0.48495430349506063 0.05749169599102603
0 0.417616715317938 0.020650325977586474 0.3449941453766559 0.01659764710218433 0.34328390349621785 0.047244575812097914 0.4159064734375 0.05129725468750006
0 0.34951734374999993 0.016943789062500037 0.2752071808179017 0.004899874218770245 0.2699940515625 0.037064539062500027 0.3443042144945982 0.049108453906229824