1 0.9636600812499999 0.8358586359375002 0.9439323201848623 0.4385913751082787 0.5753936457958541 0.4568925129781179 0.5951214068609916 0.8541597738073392
1 0.6227509187499999 0.8526936718750001 0.6103624955702889 0.45432948453971145 0.2855519111952889 0.46443052047721156 0.29794033437500006 0.8627947078125002
1 0.37937975000000024 0.4671717484375001 0.0880729302852307 0.4067656577670773 0.0015388328125001127 0.8240741187499999 0.29284565252726963 0.8844802094204228
1 0.4964904401296198 0.28837959625151444 0.49476710312499994 0.23044094531249998 0.19220693643288017 0.23944034593598557 0.1939302734375 0.29737899687499997
1 0.7935388671875 0.2684351125 0.790113859521227 0.212635994581397 0.48966120327122703 0.23107808989389705 0.4930862109375 0.28687720781250003
1 0.3482449813887013 0.21012671994007795 0.347533846875 0.15512544687500002 0.20617088423629873 0.15695318787242202 0.20688201875 0.21195446093749998
1 0.44103652509563745 0.20597825774605694 0.439686690625 0.15263916093750002 0.3158159561543625 0.15577391569144305 0.317165790625 0.20911301249999997
1 0.5402807140625 0.199256728125 0.5372320062282119 0.14647585080250475 0.4265486077907118 0.15286910080250476 0.429597315625 0.205649978125
1 0.6509641453125 0.19428418750000004 0.6479088436427947 0.14081626640510528 0.532688715625 0.14740025625 0.5357440172947052 0.20086817734489476
1 0.7664424015625 0.18931164687499996 0.7640537400466048 0.1340312256381777 0.6249191523302199 0.1400432173663939 0.6273078138461152 0.19532363860321617
1 0.8829696359375001 0.18194167812500006 0.8795643460192257 0.1254352100101031 0.7179079107386107 0.13517722800644863 0.7213132006568851 0.1916836961213456
1 0.9960504453124999 0.17554836875 0.9932962567645796 0.11996966134358467 0.8178382546874999 0.12866443749999998 0.8205924432354204 0.18424314490641533
0 0.6647818000000001 0.07322368906250001 0.6630504383252652 0.04303310753144034 0.5782108828065369 0.04789846445659783 0.5799422444812717 0.07808904598765751
0 0.5937117562500001 0.0781462859375 0.59264686208055 0.04769704357173282 0.518000047259436 0.0503076490152495 0.5190649414288863 0.08075689138101669
1 0.4592770115470148 0.08560805639532623 0.4581767953125001 0.05414861562499999 0.3841605822029853 0.05673714985467378 0.38526079843749994 0.08819659062500002
0 0.5220936999999999 0.08204334218750002 0.5193807354565277 0.04882261915646786 0.4540793651440277 0.05415544415646785 0.4567923296874999 0.0873761671875
0 0.39917180358154913 0.08669501076333636 0.39699218490354793 0.055431080660681364 0.31072931725949876 0.061445044897345015 0.3129089359375 0.09270897500000001
1 0.33077959874958257 0.08981236765702158 0.32952271562499996 0.06153251718750001 0.2458891950004174 0.06524956515547843 0.24714607812499997 0.09352941562500001