1 0.2707168272041191 0.17653318331375933 0.17672305393950213 0.1714034345437055 0.15502511579788308 0.5689806199799461 0.24901888906250008 0.57411036875
1 0.2542971841343905 0.5383076315667911 0.15849486406250007 0.5279059046875001 0.10726870484108782 0.9997107269765749 0.2030710249129782 1.0101124538558657
1 0.4381911459991102 0.362277460225099 0.3294524749999999 0.17763720625 0.27127398466509145 0.2118997875861679 0.3800126556642017 0.3965400415612669
1 0.4351298094627712 0.2761662521290649 0.34069168125 0.07340692343750002 0.2911756559168214 0.09646973775621837 0.3856137841295925 0.29922906644778324
1 0.4348288385867579 0.1898439366888099 0.3568832249999999 2.2204460492503132e-17 0.31788997192262414 0.016009745108909512 0.39583558550938214 0.20585368179771937
1 0.39721946767944744 0.2971098670523838 0.31863488125000006 0.2921776187500001 0.3069601260705527 0.47818930169761636 0.38554471250000005 0.48312155000000007
1 0.3904931407135706 0.4246986573200265 0.31008058070650046 0.4178730438048014 0.2958391212429299 0.585651692734775 0.37625168125 0.59247730625
1 0.3790744519352455 0.5555617473998616 0.2985619312500001 0.5493204656249999 0.2868178480647546 0.7008191119751384 0.36733036875 0.70706039375
1 0.36692792776224153 0.7017051777263394 0.281077555130027 0.6955675292439737 0.2695676718750001 0.8565620484375 0.3554180445072146 0.8626996969198657
1 0.35878078125000007 0.8318890484375002 0.27065968385417805 0.8258450770198366 0.2594243753345113 0.9896558643177652 0.34754547273033337 0.9956998357354289
1 0.4801461125000001 0.8747563828124999 0.4492644922510827 0.8735324829186422 0.4446919695076306 0.9889070422690255 0.475573589756548 0.9901309421628832
0 0.4835565875000002 0.79610229375 0.4499390453125002 0.79610229375 0.4499390453125002 0.8933921937499999 0.4835565875000002 0.8933921937499999
0 0.48355658750000013 0.7160779265625 0.45140067812500007 0.7160779265625 0.4514006781250002 0.8045980328125 0.4835565875000002 0.8045980328125
0 0.485378487670505 0.6344494762565338 0.45556276802215107 0.6338258792817653 0.45374086785164625 0.7209354499002316 0.4835565875000002 0.7215590468750002
0 0.48865884685965344 0.5573643349890964 0.4594281095562023 0.5565427417402182 0.4567619048840489 0.651401272376122 0.48599264218750005 0.6522228656250001
0 0.5109829334461842 0.3857366907347274 0.46455536875 0.2707368359375 0.43821952776239526 0.2813691011993681 0.48464709245857945 0.3963689559965954
0 0.5114343973088958 0.33435272664830357 0.466991421875 0.20578555000000004 0.4442518960728584 0.21364612696022647 0.48869487150675434 0.34221330360853003
0 0.5172498404040196 0.26526701709754424 0.4704018968749999 0.14521916250000005 0.4430423845959804 0.1558960454024559 0.489890328125 0.2759439000000001
1 0.5083863803302627 0.2063105593359355 0.47235074062500004 0.088215503125 0.4548715813272734 0.09354911070361634 0.4909072210325361 0.21164416691455185
1 0.5092311500935662 0.16168561568993484 0.47527400625 0.03285617968749999 0.45928484070261905 0.03707063883036812 0.4932419845461853 0.16590007483280297
1 0.5101006390462705 0.11566716382585343 0.4840437984375 0.0002435078125000212 0.4685173767185378 0.003748590825194964 0.49457421732730833 0.11917224683854837