0 0.4241296143675667 0.19311345538650082 0.3570330515624999 0.04904830625000003 0.3108484135420261 0.07055823064284453 0.3779449763470929 0.2146233797793453
0 0.4506987535960728 0.31083834867439764 0.34628881718749993 0.14299930937500005 0.2917447689148867 0.17693027463422575 0.3961547053234596 0.34476931393362337
1 0.40495992543396764 0.25356777056503654 0.33543254255158056 0.25092666302474076 0.32844031086761305 0.4349977627722043 0.3979676937500001 0.43763887031250015
1 0.31212718166572395 0.16188424564690734 0.2225373512557233 0.15522217828381207 0.1934694242774994 0.5461204545119049 0.2830592546875001 0.5527825218750001
1 0.26591335517109943 0.5108943171648137 0.1835121110397515 0.5037917190565999 0.14285215312500013 0.9755108093750001 0.22525339725634805 0.9826134074832138
1 0.39975846982033414 0.36673140721302544 0.33180670957269587 0.3638321239236481 0.32451060381486185 0.5348341198356228 0.3924623640625001 0.5377334031250001
1 0.3948980938423586 0.49205661194190836 0.32283656604465893 0.48946103708706606 0.3172135784523003 0.6455733048326576 0.38927510624999995 0.6481688796874999
1 0.39119107193173397 0.6341599252737719 0.3201255218750001 0.6287205593750003 0.3083925311517743 0.7820125891950398 0.37945808120850816 0.7874519550938114
1 0.381687890625 0.768532265625 0.2992433726026312 0.766611638332506 0.2948667984375001 0.9544797109374998 0.377311316459869 0.9564003382299939
0 0.5002455334585303 0.5993283875119524 0.4693927728422934 0.5986400755074681 0.4676210003212632 0.6780576551830156 0.4984737609375001 0.6787459671875
0 0.4981191005434368 0.6741690599303475 0.46850898281250003 0.6722631812500001 0.463076000598402 0.7566710948535047 0.49268611832933873 0.7585769735338521
0 0.49386381250000017 0.7512989046875 0.4662039593750002 0.7512989046875 0.4662039593750002 0.8472979203125 0.49386381250000017 0.8472979203125