1 0.35900861875 0.8654018734375001 0.305892740625 0.5303148453125 -0.046173556004635664 0.5861221697808285 0.006942322120364297 0.9212091979058286
1 0.6662470781250001 0.7598772765625001 0.556539300259332 0.443707612916089 0.2524252533843319 0.5492322097910891 0.36213303125 0.8654018734375001
0 0.9182291421875002 0.6717592609375002 0.6751666862242409 0.3454009669141961 0.47511098240762273 0.4943968146975326 0.7181734383708819 0.8207551087208367
1 0.5107462171875001 0.3394322375 0.5023777545344033 0.2893489569081719 0.2016614373469031 0.3395959303456719 0.21002990000000005 0.3896792109375
0 0.7600221734374999 0.2934615390625 0.7515336351356422 0.24588170471536142 0.4723565578125001 0.29568863124999994 0.4808450961143579 0.34326846559713853
1 0.2596302703125 0.30735968124999996 0.253731692851356 0.26178769682208525 0.12983657566385598 0.27782397338458525 0.135735153125 0.32339595781249997
1 0.37352115937499997 0.292335546875 0.3682634026979818 0.2496581447709187 0.2502948246120628 0.2641915992112081 0.255552581289081 0.3068690013152894
1 0.47832835000000007 0.277645096875 0.4722151093294961 0.23403094071981068 0.346849803125 0.2516029484375001 0.3529630437955039 0.2952171045926894
1 0.5786276875 0.26161916093750004 0.5722569704745388 0.2212996246226953 0.44410424400323845 0.2415484873580093 0.45047496102869966 0.28186802367281405
1 0.6672818171874999 0.2442577359375 0.6596329947712256 0.20398184302758732 0.5249092984374999 0.22956731250000004 0.5325581208537743 0.26984320540991275
1 0.76188291875 0.22939424062499997 0.7561016144964297 0.19098526119361509 0.6009479657692406 0.2143389264724822 0.6067292700228109 0.2527479059038671
0 0.38298115156249996 0.1941580984375 0.3796925826074406 0.16811522075603794 0.2950783453125 0.1787998984375 0.2983669142675593 0.20484277611896204
0 0.312734025 0.20283882343750004 0.31082033800673514 0.17632807028024544 0.2339563332334166 0.18187652246160868 0.23587002022668152 0.20838727561886325
1 0.15301149427699903 0.3239433783586908 0.146840296875 0.2769731390625 -0.0052980145894990175 0.2969618716413092 0.0008731828125000063 0.34393211093750004