1 0.820970553125 0.8024217984375 0.4377493609374999 0.7076465375 0.37952551926469935 0.9430730591352298 0.7627467114521994 1.0378483200727298
1 0.820970553125 0.7992973859374999 0.7654760217184509 0.44727168434548287 0.4038389034958653 0.504281392228222 0.4593334349024145 0.8563070938202391
1 0.7672825437499999 0.4597727812499999 0.7098920421874999 0.13066304218749997 0.3481917962886401 0.1937367105224046 0.4055822978511401 0.5228464495849046
1 0.29059545937500003 0.8988121812500001 0.2495221454009474 0.5782832088472014 0.19835409122364692 0.5848400000754979 0.23942740519769953 0.9053689724782966
1 0.2546166281250001 0.5865299000000002 0.21452595625000007 0.2875485031250001 0.16635979556597316 0.294007144912232 0.2064504674409732 0.592988541787232
1 0.20954096875 0.8836152421874999 0.19352731729487566 0.7313244690560199 0.14379356540387098 0.7365540634166093 0.15980721685899532 0.8888448365480892
1 0.19648121406250002 0.7653954953125 0.1863956359376049 0.6352759385544599 0.135979953125 0.6391836625 0.14606553124989513 0.7693032192580402
1 0.18579596718749997 0.64951339375 0.17392346406249998 0.5369708578124999 0.12741431275321985 0.5418772697718606 0.13928681587821984 0.6544198057093606
1 0.095464815625 0.8366764218750001 0.08749146025613437 0.7405173501988183 0.05981323125000001 0.7428123843750001 0.06778658661886564 0.838971456051182
1 0.0833432921875 0.6954792203125 0.07176117218506695 0.6186762118769169 0.04341350625 0.6229511234374999 0.05499562625243306 0.6997541318730829
0 0.07379198906249998 0.6232388234374999 0.06666167343749999 0.5532419140625 0.03645774896834406 0.5563186715436762 0.04358806459334406 0.6263155809186761
0 0.06778479925928478 0.5532651005039038 0.0588183421875 0.4822421828125 0.028817438240715216 0.4860297182460963 0.037783895312499996 0.5570526359375
0 0.060373454585051146 0.49505750200101784 0.04990544687500001 0.41284333125000006 0.021271193852448855 0.4164892183114822 0.0317392015625 0.4987033890625
1 0.173814738981345 0.5381885916367182 0.16006882499999997 0.42748449375 0.11316694226865495 0.43330820992578173 0.12691285624999998 0.5440123078124999
1 0.1629497530093967 0.4452882243761566 0.14634166562499998 0.31518459375 0.09871669855310326 0.3212640521863433 0.1153247859375 0.4513676828124999
1 0.1482900780202578 0.3460470466421809 0.12851587343749998 0.20547598125 0.08088582912325341 0.21217612425544755 0.1006600337060112 0.3527471896476284
0 0.7432459475501869 0.2180645387177959 0.6383439753458467 -0.12980964285620128 0.1410872375 0.020138859375000002 0.24598920970434004 0.3680130409489972
1 0.13762721982447207 0.2579618143498168 0.112370346875 0.09743408124999998 0.06429646767552795 0.10499785752518317 0.089553340625 0.265525590625
1 0.12129316237681216 0.17388908225126865 0.10182210370281752 -0.0001088499736779741 0.05724770382600538 0.004879202150053376 0.07671876250000001 0.178877134375
1 0.22151731033009464 0.3157921782564407 0.173721934375 0.0028768421875000004 0.1271893209199053 0.009984335806059336 0.17498469687499996 0.322899671875