1 0.5944122931298117 0.5807488233032718 0.5830840953112952 0.2446160102519607 0.17974923811898352 0.25820902132368884 0.19107743593749998 0.5943418343749999
1 0.611371051249958 0.9106369568328523 0.5934342546875 0.5526751671875 0.19499293769510553 0.5726403172445803 0.21292973425756356 0.9306021068899325
1 0.668200706704724 0.19740153280193926 0.30218854687499996 2.2204460492503132e-17 0.16701259804645036 0.25063655932910595 0.5330247578761742 0.44803809213104523
1 0.8209803875 0.473948546875 0.8108391117897922 0.1656065434018165 0.7530971517978117 0.16750565909066356 0.7632384275080194 0.4758476625638471
1 0.8995777890625 0.3281926859375 0.896172806039222 0.18193750074481638 0.8400683390624998 0.18324367500000002 0.8434733220857777 0.32949886019268365
1 0.9025252109374999 0.42257531562499995 0.8963108570764632 0.29509278466105016 0.8413353883725578 0.29777265784539275 0.8475497422335947 0.4252551888093426
1 0.9082196001995904 0.5193951770055687 0.9001893129414131 0.40646960792508224 0.8450908549293228 0.4103877324820136 0.8531211421875 0.5233133015625
1 0.9129575261140708 0.6318922262258598 0.9068761296875 0.51597664375 0.8530748973234292 0.5187992722116401 0.8591562937500001 0.6347148546875001
1 0.8387632860445173 0.7761009941217093 0.8211781489227237 0.4694500171022919 0.7642780015625 0.4727129999999999 0.7818631386842936 0.7793639770194173
1 0.9102445968750003 0.6095745437500002 0.8596341879268165 0.607691678299942 0.8543594539641116 0.7494736855788509 0.9049698629122954 0.751356551028909
1 0.9378273019728608 0.8512445740011246 0.9063147265624998 0.7158389187499999 0.842240373027139 0.7307507619363754 0.8737529484375 0.8661564171875001
1 0.9352844264415114 0.9824635866467124 0.9265254859374998 0.8023662078125 0.8700466860584883 0.8051130242907876 0.8788056265625 0.9852104031250001
0 0.9979475937500002 0.3818216703125 0.9944420397851083 0.2954288525254817 0.9660159388290767 0.29658229598832253 0.9695214927939686 0.3829751137753408
1 0.9973160718750002 0.32036785 0.9931236585434625 0.225448719137538 0.9626431450377716 0.2267949905373313 0.9668355583693092 0.3217141213997933
0 0.9511142396169661 0.13253477147016168 0.8380269328125 0.07102468437500012 0.7846941072580338 0.16907796134233852 0.8977814140625 0.23058804843750008