1 0.6653062641455726 0.42473045192568704 0.307695221875 0.4005328 0.3019091528242102 0.48604366651948777 0.6595201950947829 0.5102413184451746
1 0.216481642474096 0.22664730275542727 0.042471905241198885 0.19924909768057308 0.026052037500000035 0.30353391718749995 0.20006177473289713 0.33093212226235413
0 0.3600665467475249 0.2477146853511491 0.1845412828125 0.22303144375000006 0.17134065019971503 0.31690260382325885 0.34686591413474 0.34158584542440795
1 0.48466378078501887 0.2674031221461447 0.305913609375 0.23952785312499997 0.2919974607321815 0.32876516069624584 0.47074763214220045 0.3566404297173905
1 0.5820634890624999 0.36160127656250013 0.4590269739038148 0.21858447046777832 0.39972884072037707 0.26959830486618924 0.5227653558790621 0.41261511096091097
0 0.6770828015625 0.3695195515625001 0.5335780201760943 0.24039778901551245 0.4951585691823926 0.2830968260103845 0.6386633505687981 0.4122185885573721
1 0.1775762745150846 0.0811503240068188 0.0800314515625 0.05270691875 0.06900382628946777 0.0905254480411614 0.16654864924205237 0.11896885329798021
1 0.26377418129137087 0.09854465448566468 0.16340151093750002 0.07727706093750002 0.15598422808362913 0.11228301895183537 0.2563568984375 0.13355061250000003
1 0.34664183985631436 0.11957143137941806 0.240307046875 0.09273247343750002 0.23156943673444394 0.1273505076942007 0.3379042297157583 0.15418946563611874
1 0.42072865300946727 0.1391599472899081 0.3123084625 0.11215081093750005 0.30460571386409374 0.14307121741236456 0.413025904373561 0.1700803537647726
1 0.48998299613711155 0.15354270207228798 0.38230364687499996 0.12879510156250001 0.3755197456691648 0.15831255183061277 0.4831990949312764 0.18306015234040068
0 0.5524770965573309 0.17527159794682884 0.4409301859375 0.14187275781250003 0.4333064759797545 0.16733475858342114 0.5448533865995854 0.20073359871774996
1 0.63525545 0.9984449546875002 0.6344736743049105 0.8239428710406559 0.2721707554691831 0.8255660013224639 0.2729525311642727 1.0000680849693082
1 0.8970019046875002 0.997596578125 0.8963701822780689 0.7868411847943662 0.5472087544691067 0.7878877682054484 0.547840476878538 0.9986431615360823
1 1.0274586198832973 0.8904551062761408 0.8760503553893404 0.6957507850659411 0.7351804745685431 0.8052956787898001 0.8865887390625 0.9999999999999998