1 0.5994672 0.692304778125 0.5752695480743131 0.33469373585442747 0.4897586815548253 0.34047980490521723 0.5139563334805123 0.6980908471757898
1 0.8007509023194268 0.9575280947588011 0.7733526972445727 0.7835183575259039 0.6690678777376458 0.7999382252671028 0.6964660828125 0.9739479624999999
0 0.7769685562500002 0.8154587171875003 0.7522853146488508 0.6399334532524752 0.658414154575592 0.6531340858652602 0.6830973961767413 0.8286593498002853
1 0.7604721468750001 0.694086390625 0.7325968778538554 0.5153362192149811 0.6433595702826096 0.5292523678577996 0.6712348393037543 0.7080025392678184
1 0.7814155295322218 0.5409730260961852 0.6383987234374999 0.4179365109375002 0.5873848890390893 0.4772346441209379 0.730401695133811 0.600271159279623
0 0.7596022109844877 0.46642197982390565 0.6304804484375001 0.32291719843750005 0.587781411442628 0.3613366494312019 0.7169031739896157 0.5048414308176075
1 0.94729308125 0.9199685484375001 0.9210322022598524 0.8225368829094146 0.8829881100723522 0.8327909547844147 0.9092489890625 0.9302226203125002
1 0.9227229390625002 0.8365984890625 0.9014553455143354 0.7362258187086289 0.8664493875 0.7436431015624999 0.8877169810481647 0.8440157719163709
1 0.9072675265625001 0.7596929531250001 0.8804285686205823 0.6533581601436856 0.8458105343638815 0.6620957702842417 0.8726494923057994 0.7684305632655561
1 0.8878491890625 0.6876915375 0.8608400527100921 0.5792713469905328 0.8299196462352276 0.586974095626439 0.8569287825876355 0.6953942861359061
1 0.8712048984375 0.6176963531250002 0.8464572979277122 0.5100170038628886 0.8169398476595994 0.5168009050687238 0.8416874481693875 0.6244802543308353
0 0.8581272421874999 0.5590698140624999 0.8247284020531713 0.44752290344266915 0.79926640128225 0.4551466134004147 0.8326652414165785 0.5666935240202455
1 0.18361244941816027 0.40009563605636433 0.0015550453125000474 0.36474455 -0.06345193734305912 0.6995292435209531 0.11860546676260109 0.7348803295773176
1 0.22956097431060934 0.14359785209152892 0.002403421875000017 0.1029980953125 -0.05283831337310929 0.4120782072834711 0.17431923906250002 0.45267796406250005
1 0.3042312091925282 0.12221671057538411 0.10838522131454739 -0.027946759046651132 0 0.11341126093750001 0.19584598787798085 0.2635747305595352