1 0.42587832187500013 0.7701317328125 0.006064815600315509 0.75294167348153 0.0029560734565217627 0.8288629902357224 0.42276957973120644 0.8460530495666923
1 0.8443535162467881 0.7978421069886917 0.39399483141125924 0.7699619109261693 0.38898446516447116 0.8508961320624774 0.83934315 0.878776328125
1 0.9837798807344905 0.6640622034450984 0.7651132828125001 0.6591476578125002 0.7633024458280099 0.7397185981174018 0.9819690437500002 0.74463314375
1 0.8170916982823326 0.6611131822151002 0.64542886875 0.6541720531250002 0.6424235626551675 0.7284970427849001 0.8140863921875002 0.7354381718750002
1 0.6616427115602361 0.6570240524720907 0.5149316321694319 0.6496947176800649 0.5114762250000002 0.7188615015625002 0.6581873043908043 0.7261908363545261
1 0.5314895234375001 0.6525548156250001 0.3754650344656037 0.6472658502820702 0.3732025281250001 0.7140097921875002 0.5292270170968966 0.7192987575304302
1 0.4236451359375001 0.6485117265625 0.24192993713741223 0.6436042932836281 0.24011635765530365 0.7107585340860396 0.4218315564553915 0.7156659673649114
1 0.3190756531250001 0.6468944890625001 0.11490185219147567 0.6413468280848544 0.11324595371370963 0.70228982505743 0.31741975464723404 0.7078374860350756
1 0.4969266988453934 0.5703030299446987 0.49639617812500003 0.553193728125 0.40823084021710665 0.5559275356803013 0.40876136093750004 0.5730368375
0 0.5622386312500001 0.5529344453125 0.4853022013313254 0.5515427488100368 0.4847875773317856 0.5799924382394392 0.5617240072504603 0.5813841347419023
0 0.6377334727289732 0.5583627352976537 0.5582455120017784 0.5528961241179917 0.5563902859375001 0.5798722765625001 0.6358782466646951 0.5853388877421619
0 0.7181501937499999 0.5822352437499999 0.718005776888833 0.5570931821065501 0.6302808780081662 0.55759707692322 0.6304252948693331 0.5827391385666699
0 0.806425641872955 0.5607353558393977 0.7019343281250002 0.5574240828125 0.7011182221895451 0.5831773144731025 0.8056095359375 0.5864885875000001
0 0.23426786875000008 0.5547812796875001 0.13491592689611917 0.5504469084202943 0.13401686522114242 0.5710550930331751 0.23336880707502333 0.575389464300381
1 0.2895859937500001 0.5575910890625001 0.18785937192891644 0.5541463782414693 0.18701660100150433 0.5790344585096993 0.288743222822588 0.5824791693307301