1 0.34888956154415945 0.7901192732691156 0.33105725901106703 0.34847285942758255 0.22895202031250003 0.35259555000000004 0.24678432284559246 0.794241963841533
1 0.3306297609375001 0.4026947687500001 0.3086771222807193 -0.00371669083571084 0.21127593009780066 0.0015445121306398898 0.23322856875458142 0.4079559717163508
0 0.606956964120018 0.7612673758744735 0.598491334375 0.6620607796875 0.5661325624424822 0.6648220616255266 0.5745981921875001 0.7640286578125
0 0.5992572422563731 0.675991930766472 0.58736683125 0.59435464375 0.554048453056127 0.599207441108528 0.5659388640625 0.6808447281250001
0 0.58725591610414 0.5992886421586466 0.5860640320264798 0.5205125494747515 0.5574495328124999 0.5209454874999999 0.55864141689016 0.5997215801838951
0 0.5861665968750001 0.526714540625 0.5783842180853055 0.442810786897846 0.5482762864277777 0.4456034072315568 0.5560586652174722 0.5295071609587108
1 0.5607167966477055 0.915351807780619 0.4878223253379307 0.8440902408231811 0.40507033181522534 0.9287384330425622 0.47796480312500017 1.0000000000000002
1 0.4983618022253905 0.9217748904247823 0.4846312640625 0.7214200796875001 0.39449282277460945 0.7275973673877176 0.4082233609374999 0.9279521781250001
1 0.4887194747183525 0.7624900770822849 0.4764263875000001 0.6080581875 0.3872125940316476 0.6151597838552151 0.39950568124999997 0.7695916734375
1 0.47630679619801713 0.6142180576869942 0.467704620950174 0.4731506480140445 0.3842370450646569 0.47824043251455023 0.3928392203125 0.6193078421875
1 0.46729085781250007 0.49729237031249995 0.46039156166983836 0.3364525206655136 0.37965815625 0.33991561562500006 0.3865574523926617 0.5007554652719864
1 0.46218071875 0.39021149531250005 0.44849127966980856 0.19770374938365864 0.36826356210542344 0.20340883125889092 0.3819530011856148 0.3959165771877323
1 0.45474703125 0.284511446875 0.44422448636136574 0.07216981337605474 0.3648224219214987 0.07610456594224368 0.3753449668101329 0.288446199441189
1 0.5791557734375 0.4605542374999999 0.5677220982262339 0.3670839463572388 0.5403278602720845 0.3704349236099949 0.5517615354833507 0.46390521475275603
1 0.5610751031250001 0.25331037031250003 0.5546916477602848 0.1463076890829787 0.5279930840831992 0.14790044440066194 0.5343765394479145 0.25490312563018325
1 0.5711881703125001 0.3935165875 0.5697945077205024 0.2944794367587034 0.5399540890625001 0.29489935468750006 0.5413477516544977 0.39393650542879666
0 0.5575531171875 0.2012707890625 0.5565683922144997 0.09104303279673268 0.5275326021020044 0.09130242542707552 0.5285173270750045 0.20153018169284284