1 0.9962644001360232 0.6069173321822084 0.5866544796875001 0.6007566265625 0.5853274578329348 0.6889869933151426 0.9949373782814579 0.6951476989348511
1 0.6261058421875 0.6940884812500002 0.6256205308066358 0.5934105892262272 0.18729890111913594 0.5955234907887272 0.1877842125 0.6962013828125001
1 0.9996448390625001 0.544186259375 0.8184030384246694 0.425588653304967 0.7788002597752213 0.4861099332071004 0.960042060413052 0.6047075392771334
1 0.8955743925943841 0.48090985206294645 0.6780975640624999 0.4697571968750001 0.6738868523472977 0.5518660950927037 0.8913636808791818 0.56301875028065
1 0.7533364114067995 0.47315959390039153 0.566568359375 0.469147121875 0.5647672026557007 0.5529853467246086 0.7515352546875002 0.5569978187500001
1 0.6094178624436919 0.47165590317152095 0.4560686546875 0.469147121875 0.45474233286880816 0.5502185171409791 0.608091540625 0.5527272984375
1 0.4702793875094269 0.46988015152734713 0.3237682759423487 0.46193917066979073 0.31914510781250005 0.5472366312500001 0.46565621937957813 0.5551776121075566
1 0.3445394500000001 0.46121615625 0.16574955625000007 0.46121615625 0.1657495562500001 0.54723663125 0.3445394500000001 0.54723663125
1 0.22374474218750007 0.4618262312499999 0.008671201685693441 0.4542226206280847 0.005490668750000061 0.544186259375 0.22056420925180667 0.5517898699969151
0 0.6077963204368358 0.3601328205224116 0.5091671328125 0.35634166875 0.5080043268815345 0.386592793268535 0.6066335145058703 0.3903839450409466
0 0.5276313048542317 0.35619780223081304 0.4430377061878409 0.3553646248141538 0.4427122700836093 0.3884065803958408 0.5273058687500001 0.38923975781250003
0 0.45275957139446366 0.3573706817082717 0.37142493246468505 0.34877314625121425 0.367904859375 0.38207383749999996 0.4492394983047786 0.39067137295705745
0 0.3754535046875 0.3514558140625001 0.28785726541976536 0.3478361351844195 0.2866226566261269 0.3777136715439293 0.3742188958938616 0.3813333504220099
0 0.22975731718749998 0.3459185125 0.11502523437500005 0.3459185125 0.11502523437500005 0.3696963390625 0.22975731718750003 0.3696963390625
0 0.9204950249999998 0.402268703125 0.7902327803170384 0.3467577251218787 0.778401055220574 0.37452209038761963 0.9086632999035353 0.43003306839074096
0 0.9941492843749999 0.4071545578125001 0.8596677789326602 0.35075595289987815 0.8498337383101978 0.37420505398205545 0.9843152437525375 0.43060365889467744
1 0.3039530656250001 0.34927682500000007 0.20763228790913096 0.3467437322157355 0.20693186527224872 0.37337728213281407 0.3032526429881178 0.3759103749170786