1 0.4242618796875 0.5051115609375 0.08087941642005447 0.4715385577430807 0.04006536718750009 0.8889819625 0.3834478304549457 0.9225549656944192
1 0.7311257221353608 0.5201010978587598 0.40146370145279286 0.5052602124059175 0.38328214531250004 0.9091288734375 0.7129441659950679 0.9239697588903424
1 0.9976727593750001 0.8659569562500004 0.9357747691530213 0.4683624684054867 0.61883910625 0.5177033953125 0.6807370964719788 0.9152978831570137
1 0.5047057314131094 0.28598249454686575 0.20129452476718496 0.26656902663545723 0.1977840496040756 0.32143390240109154 0.5011952562500002 0.34084737031250006
1 0.7961177071721992 0.2988758756813171 0.4994205421875001 0.28686334218750004 0.49718189751530095 0.342155552443683 0.7938790625000001 0.3541680859375001
1 0.781491952622903 0.2203064455286606 0.6408675109374999 0.21537367187500003 0.6390521095431685 0.2671274772261359 0.7796765512285717 0.2720602508797965
1 0.6732374374532123 0.2167192695683172 0.549483309375 0.21041081562500005 0.5468559120158463 0.26195296402120183 0.6706100400940586 0.26826141796451897
1 0.56525505230774 0.21198213723814593 0.4555397031317615 0.20471589874663626 0.45212494769902156 0.25627642557099034 0.561840296875 0.26354266406250004
1 0.459371753125 0.20632375000000006 0.3469326201483665 0.19580313383800854 0.34212408281250006 0.24719439843750007 0.4545632157891336 0.2577150145994916
1 0.3658938484375 0.19873348906250005 0.22523595090772272 0.19794653214651878 0.2249607501260628 0.24713494711656975 0.36561864765584007 0.24792190403255102
1 0.2617831859375 0.19990123281250002 0.12357561054358487 0.16964683258399393 0.11005093593750004 0.23142999374999995 0.24825851133141513 0.26168439397850607
1 0.1736651875 0.18180136406250003 0.003558710111972521 0.16992945821824876 -0.00028284806219299185 0.2249731839065646 0.1698236293258345 0.23684508975081586
0 0.40974932031250005 0.10724973593750002 0.32632345659665807 0.10211063082096242 0.3245218342779036 0.13135733712945125 0.40794769799374564 0.13649644224598886
0 0.4667561578125001 0.11010453906250003 0.3976068254635967 0.10655614347773612 0.3960492669226159 0.13690905386507124 0.46519859927151935 0.14045744944983515
0 0.5371661490973445 0.11726164958057743 0.466537175 0.10828785625000004 0.4624762003392909 0.14025008933863975 0.5331051744366354 0.14922388266921716
0 0.6733156780859776 0.12240963388335147 0.5871931375 0.11795524531250005 0.5856429227363235 0.14792758198186204 0.671765463322301 0.15238197055271346
1 0.6042028461323005 0.11913911836896252 0.5313906703125 0.11438674218750007 0.5294004171602076 0.14487983804466192 0.6022125929800082 0.14963221422612438
0 0.888381041012296 0.21881890455561298 0.7319918608094756 0.21577482399384357 0.7308677322971795 0.27352675693823064 0.8872569124999998 0.2765708375000001