1 0.59202761875 0.762558903125 0.554096438259677 0.36537565561893715 0.2484329210721771 0.3945666603064372 0.28636410156250003 0.7917499078125
1 0.31162554843750007 0.385545828125 0.029345102727564944 0.3561253516798539 -0.0171485656172519 0.8022178358561287 0.26513188009268324 0.8316383123012748
1 0.8821607562500002 0.7384303234375001 0.657235896781197 0.31504235443069606 0.43233258024661314 0.434522241835801 0.6572574397154164 0.8579102108426051
1 1.0909130925234236 0.6538070744328944 0.8080707519628352 0.29875477122865796 0.6473919881660855 0.4267549481617796 0.9302343287266741 0.781807251366016
1 0.3944560130624705 0.16727477758310028 0.07135102914491773 0.15651495814656755 0.06963567812500002 0.2080249734375 0.3927406620425528 0.21878479287403274
1 0.6852684658574608 0.17376125184509172 0.39711118125 0.16756393906250003 0.39605407660669234 0.21671627560700085 0.684211361214153 0.22291358838959258
1 0.6679668330112927 0.0783750604267558 0.5398114328125001 0.07650758750000006 0.5390271314644628 0.13033029715972158 0.6671825316632554 0.1321977700864773
1 0.5672598896487184 0.08024011213683749 0.44711933125 0.07121546875000004 0.44294710059404885 0.12675828626512814 0.5630876589927674 0.13578292965196562
1 0.4567853635610278 0.07319147012983973 0.3497377853432589 0.06657210240029664 0.3462093515625 0.12363348750000006 0.4532569297802689 0.13025285522954314
1 0.34582480937500004 0.06780984531250003 0.23084978658128713 0.06069465432711757 0.2273310328125 0.11755451875000003 0.3423060556062129 0.1246697097353825
1 0.24764853906250006 0.06113172343750002 0.10280016949273314 0.056157031069081244 0.10084161093749999 0.11318447968750003 0.2456899805072669 0.11815917205591879
1 0.14240401718749998 0.0543044515625 0.0008464259164117926 0.05086381530055987 -0.0006081660280832221 0.11070987756025792 0.14094942524300497 0.11415051382219805
0 0.7703698038469444 0.08367974504853914 0.628756471875 0.07770584843750009 0.6266103727471266 0.12857988728153139 0.7682237047190712 0.13455378389257044
1 0.9519357128612873 0.17333611659230436 0.6583053203125001 0.17225662812500012 0.6581303590137131 0.2198476459076959 0.9517607515625002 0.2209271343750001