1 0.24705832651847004 0.9939351843996846 0.2298682671875 0.5741216781250001 0.15394695043330772 0.5772304202687939 0.17113700976427776 0.9970439265434783
1 0.23003808907383078 0.6060051685887408 0.2021578930113082 0.15564648375321186 0.12122367187499998 0.16065685 0.1491038679375225 0.611015534835529
1 0.34085234218750005 0.23488671718750004 0.33593779655490175 0.01622011926550978 0.25536685625 0.01803095625 0.2602814018825983 0.23669755417199023
1 0.34582794687500007 0.35457113125 0.33888681778490015 0.18290830171766753 0.26456182812500006 0.18591360781250002 0.2715029572151 0.35757643734483247
1 0.3503052823199352 0.4850683678305681 0.3429759475279094 0.33835728843976404 0.27380916364547425 0.3418126956091958 0.2811384984375 0.4885237749999999
1 0.35273414971793005 0.6245349655343965 0.34744518437500005 0.46851047656250006 0.28070124246957007 0.47077298290310365 0.28599020781250006 0.626797471875
1 0.3563957067163717 0.7580700628625877 0.35148827343749994 0.5763548640624999 0.28433403263508866 0.5781684435446086 0.28924146591396044 0.7598836423446963
1 0.3586531719151456 0.8850981478085245 0.3531055109375 0.6809243468750001 0.2921625139649245 0.6825802453527661 0.29771017494257007 0.8867540462862905
1 0.44680627187500005 0.5036038218750001 0.4297799190951583 0.502947225918333 0.4263759653877422 0.5912159946797212 0.44340231816758396 0.5918725906363884
0 0.44845725118996305 0.5146977986686746 0.4470655546874999 0.43776136875000005 0.41861586525809774 0.4382759927495399 0.42000756176056087 0.5152124226682144
0 0.44710387588200823 0.4417544879982218 0.4416372647023463 0.36226652727102676 0.414661112257838 0.36412175333530494 0.42012772343749993 0.4436097140625
0 0.44333514808876434 0.28269791192650373 0.41776475624999987 0.28184980625 0.41487885347373565 0.3688597943234963 0.44044924531250007 0.3697079000000001
0 0.4425759171875 0.298065671875 0.4392646441606023 0.193574358127045 0.4135114125 0.1943904640625 0.4168226855268977 0.298881777810455
0 0.44955309157970574 0.8650840731038809 0.4452187203125 0.76573213125 0.4246105356996191 0.7666311929249767 0.4289449069668249 0.8659831347788577
1 0.44585362175853094 0.8121406280710838 0.4424089109375001 0.7104140062500001 0.41752083066927004 0.7112567771774121 0.42096554149030097 0.8129833989984959