1 0.9599346328124998 0.8889819625000002 0.9380426681585601 0.48545593097614353 0.5757381203125 0.5051115609375 0.5976300849664399 0.9086375924613564
1 0.6167178546875001 0.9091288734375 0.6149613766425789 0.5060292387263461 0.2846960282050788 0.5074683465388461 0.28645250624999996 0.91056798125
1 0.38116089375 0.5177033953125001 0.09965986182246125 0.4515816191077294 0.002327240625000071 0.86595695625 0.28382827255253884 0.9320787324547706
1 0.8022020578125 0.32121677656250014 0.7986525304791912 0.26635765855353516 0.4952552164166911 0.2859882523035351 0.4988047437499999 0.3408473703125
1 0.502997410345549 0.34087864394240086 0.5005309342542901 0.28577936117335156 0.20365446140874105 0.2990688031684507 0.20612093750000002 0.3541680859375
1 0.36051711698485944 0.26740101859102416 0.3591324890625 0.21537367187499998 0.21890629239014053 0.21910557672147585 0.22029092031249994 0.2711329234375
1 0.452572297691046 0.2621492584808524 0.4505166906250001 0.21041081562500005 0.3272723882464541 0.2153074040191477 0.3293279953125 0.26704584687500005
1 0.5478535921875001 0.25595239218750004 0.5442896352965082 0.20444642530485954 0.4345957462340082 0.2120366971798595 0.438159703125 0.2635426640625
1 0.6578759171875 0.24719439843750007 0.6540558562120037 0.1960838989577503 0.5404972745241483 0.20457140564921533 0.5443173354996447 0.25568190512896505
1 0.7752278962342202 0.1995230411240275 0.6341061515625 0.19873348906250005 0.633832575031129 0.24763159127709958 0.7749543197028491 0.24842114333862705
1 0.8899490640625001 0.23142999375000003 0.8851827463805874 0.1756010349139567 0.7372206627352688 0.18823308663468538 0.7419869804171815 0.24406204547072868
1 1.0000000000000002 0.22092039843750003 0.9938835858516123 0.16384591889521496 0.8263348125000001 0.18180136406250003 0.8324512266483879 0.2388758436047851
0 0.6753959875 0.13002329375000002 0.6730271974240226 0.100588275938027 0.5902506796874999 0.10724973593750001 0.5926194697634772 0.13668475374947303
0 0.6038637437500001 0.13521385 0.6015502606291812 0.10489279027919522 0.5332438421875 0.11010453906249999 0.5355573253083188 0.14042559878330474
0 0.5357985703125 0.1404692890625 0.533462825 0.10828785625 0.46403868573629126 0.1133266967765962 0.4663744310487913 0.14550812958909623
0 0.41415013586020494 0.14805288036624953 0.4128068625 0.11795524531249998 0.32686573913979505 0.1217908430712505 0.3282090125 0.151888478125
1 0.4699924290543979 0.14498751400167523 0.4686093296875001 0.1143867421875 0.3963144256331022 0.11765434068582481 0.397697525 0.14825511250000004
0 0.2706687740724928 0.2682149734933931 0.26774005841466775 0.21286229773515744 0.10981437184217499 0.22121816174176434 0.11274308749999999 0.27657083750000006