1 0.6667450686542747 0.43425395909469355 0.5806866921875 0.42521183906250004 0.5396753985332252 0.8155368221553065 0.6257337749999999 0.8245789421874999
1 0.68779203125 8.881784197001253e-17 0.593922333195698 -0.003557249296785442 0.576342984758198 0.4603315569532146 0.6702126828125 0.4638888062500001
1 0.3824505054870369 0.9663110091186997 0.33904640781249995 0.836632371875 0.320931485137963 0.8426955283813002 0.36433558281249995 0.972374165625
1 0.36837619625946044 0.98556411880077 0.338189146875 0.8870231984375 0.32300415217803957 0.8916749733867299 0.3531912015625 0.99021589375
1 0.38219070709472663 0.9093253577648925 0.3446185984375 0.7966090375 0.3276207350927734 0.8022749922351075 0.36519284375 0.9149913125
1 0.5265172538977945 0.9768854002816573 0.4332586359375 0.7972085953125002 0.3903986273522055 0.8194544559683431 0.4836572453125 0.9991312609375
1 0.5536847045589747 0.8945356028385104 0.43495270625 0.7073010765624999 0.38271299075352533 0.7404281174739894 0.5014449890625 0.92766264375
1 0.5696797862857419 0.7778986314777345 0.44299954374999995 0.6117713578125 0.38281158402675813 0.6576676466472656 0.5094918265625 0.8237949203125
1 0.5220604372648715 0.5153876342758325 0.44427009687499996 0.515050496875 0.4434463106075456 0.705129123558204 0.5212366509974171 0.7054662609590364
1 0.5300780055101909 0.4065833609758126 0.447234721875 0.404274140625 0.44231869917730926 0.5806364624616874 0.5251619828125001 0.5829456828125
1 0.5378133175834372 0.29237300767041396 0.4535874875 0.28825675312500004 0.44601836522906285 0.4431343485795861 0.5302441953125 0.447250603125
1 0.5492622921875 0.13610136718750007 0.4602636462702224 0.13039975150084743 0.4496669447077224 0.2958076186883475 0.538665590625 0.3015092343750001
1 0.55014535 0.135604646875 0.5118257970695792 -0.003314171257224974 0.4199877283195793 0.02201856468027501 0.4583072812500001 0.16093738281249997
1 0.3647410445784151 0.11481163584361706 0.3619159984375 0 0.3290539866715849 0.0008086000938829566 0.33187903281250003 0.11562023593750001
0 0.36545728750000006 0.09515888906250006 0.3303679287512898 0.0947226579824609 0.3291012334207073 0.1966125253347258 0.36419059216941757 0.197048756414765
0 0.3678150765625 0.2795085125 0.3636889468750001 0.18965464843750002 0.3292734168096069 0.19123502499442907 0.3333995464971069 0.2810888890569291
0 0.36545728750000006 0.27287723125 0.3336271375 0.27287723124999996 0.33362713750000006 0.36273109375 0.36545728750000006 0.36273109375000007
0 0.36722562968750005 0.34482663437500005 0.3336271375 0.344826634375 0.33362713750000006 0.442306471875 0.3672256296875001 0.442306471875
0 0.3711450140815548 0.6053208792130998 0.3389321625000001 0.6047728671875001 0.3367922277628881 0.7305609828868901 0.3690050793444428 0.7311089949124898
0 0.36799479625965115 0.6751575804452941 0.3395216093750001 0.67506445 0.33912478655284906 0.796386863304706 0.36759797343750006 0.79647999375
0 0.3899906971823235 0.8474033442184353 0.34225100781250006 0.7358820265625 0.31710214500517664 0.7466476714065647 0.36484183437500006 0.8581689890625002