1 0.43143920625 0.5145913328124999 0.335216533404443 0.07577846338027491 0.039649960937500006 0.1405901578125 0.13587263378305695 0.579403027244725
1 0.23956834374999997 0.5178720531249998 0.040265112500000005 0.1384029484375 -0.12021099723172982 0.2226875629499312 0.07909223401827015 0.6021566676374311
1 0.6780739212293904 0.5179944254570876 0.6707768921875 0.11653160468750001 0.34712483695061597 0.12241433734504417 0.3544218659925063 0.5238771581146318
1 0.9975927234374998 0.1541230937500001 0.6715719531250001 0.11584814843750006 0.6240878941256714 0.5203108946577936 0.9501086644381713 0.5585858399702935
1 0.8534348171874999 0.6973762406249999 0.542272034375 0.6870535015625 0.5403746013936043 0.7442486435801984 0.8515373842061041 0.7545713826426983
1 0.704172296875 0.7775294296874999 0.5860309289487057 0.7737222599348683 0.5842840953125001 0.8279287515625 0.7024254632387945 0.8317359213151316
1 0.8230358093750001 0.7805655375 0.6796390758743652 0.7776183868812854 0.6784590459145488 0.83503399387336 0.8218557794151836 0.8379811444920747
1 0.9431237749999999 0.7848160734375 0.7740333330469001 0.7797210744337167 0.7722765615346346 0.8380239850327209 0.9413670034877344 0.8431189840365041
1 0.5432459683281068 0.6868311495298258 0.253695009375 0.6856113578125 0.2534469019843934 0.7445064395326741 0.5429978609375001 0.74572623125
1 0.5914996218749999 0.7736583796875001 0.48151669999999996 0.770622259375 0.4800540049470813 0.8236081292266595 0.5900369268220813 0.8266442495391596
1 0.4923695504992673 0.7695208540287133 0.3729000656250001 0.768193403125 0.3722940948132329 0.8227302756587866 0.4917635796875001 0.8240577265624998
1 0.4015912703125 0.82102163125 0.40154673914574673 0.7681701296292951 0.2670149776345614 0.7682834822516759 0.2670595088013147 0.8211349838723807
1 0.2931027125 0.7412479671875001 0.2928228595268115 0.6845770938042718 0.0006390112235382276 0.6860199605501642 0.0009188641967267684 0.7426908339333924
0 0.31086389375000006 0.7691801421875 0.1612598578125001 0.7691801421875 0.1612598578125001 0.8238300109375001 0.31086389375000006 0.8238300109375001
1 0.39609650804969926 0.8857227373773847 0.30591597714466723 0.8851311304707232 0.3057211456574682 0.9148299165308387 0.3959016765625002 0.9154215234375002
0 0.4532750771464406 0.8876192022554392 0.37094409687500013 0.8855577312500001 0.3701996114077076 0.9152909742392618 0.45253059167914794 0.9173524452447008
1 0.5128361853402159 0.889683842177727 0.43867753281250027 0.887370890625 0.43771179434728447 0.9183347312597732 0.5118704468750002 0.9206476828125002
0 0.5754643390625 0.8929170281250001 0.5068309421875001 0.889504028125 0.5053275817986953 0.9197357099916822 0.5739609786736952 0.9231487099916823
0 0.6464974156250002 0.8959034078124999 0.5720610843610621 0.892302559393913 0.5706047609375002 0.9224075125000002 0.6450410922014382 0.9260083609185872
0 0.7184604609374999 0.9000096765625003 0.6330919113384817 0.8949338764596974 0.6313045348488735 0.9249952924758611 0.7166730844478917 0.930071092578664