1 1.017397906629629 0.842985293205843 0.9330606217591122 0.6117164972423376 0.5320347620044831 0.7579594524739947 0.616372046875 0.9892282484375
1 0.960437678125 0.68217333125 0.8257576015625002 0.3791430000000001 0.4631462815303635 0.5403035021283076 0.5978263580928634 0.8433338333783075
1 0.391723846875 0.8510584515624998 0.34186243281250006 0.540203628125 0.2809527782811577 0.5499735955696317 0.3308141923436577 0.8608284190071316
1 0.347422257898386 0.5707807395377832 0.30457021875 0.2982977953125 0.2534079327266139 0.30634383389971676 0.29625997187499997 0.5788267781249999
1 0.6153731437500001 0.0017773171875000494 0.5243231786370476 -0.06718978396300171 0.39705144522069824 0.10083361696457635 0.4881014103336506 0.1698007181150781
1 0.307921153125 0.929869184375 0.291948278125 0.7978435562499999 0.23397397547775983 0.8048574694011632 0.24994685047775977 0.9368830975261633
1 0.2942361202120509 0.8030090175963498 0.279580403125 0.6787023078125 0.22310687510044908 0.6853605167786502 0.2377625921875 0.8096672265624999
1 0.28225328319628695 0.7014909760815394 0.26882091718749995 0.5703239796874999 0.219005946491213 0.5754253614184605 0.23243831249999997 0.7065923578125
1 0.2730134917471439 0.6001945934703895 0.2563421171875 0.47117998750000006 0.2060516115613547 0.4776785684147825 0.22272298612099858 0.6066931743851719
1 0.26340890952633633 0.5201322100325141 0.2434751125 0.38132580156249996 0.19337036078616365 0.38852127590498575 0.21330415781249998 0.527327684375
1 0.24975036876992215 0.2939319109095121 0.20342944569565025 0.29075527566152487 0.1923938001676271 0.4516743764309246 0.23871472324189905 0.4548510116789119
0 0.16922443847683188 0.3633477512396831 0.14442124687500002 0.353380196875 0.10076119589816815 0.4620235581353169 0.1255643875 0.47199111250000003
0 0.1677191416503203 0.7589347232711134 0.16122599218750003 0.6712773875 0.13166094584967974 0.6734673954788865 0.13815409531250003 0.76112473125
0 0.17149344335998656 0.8267058367333904 0.165219215625 0.7439039968750001 0.13327508107201483 0.7463245321593035 0.13954930880700137 0.8291263720176939
0 0.175535015625 0.9028214046875 0.1702107359375 0.8217092515625 0.13666109294089077 0.823911482373146 0.14198537262839078 0.9050236354981461
1 0.181746684375 0.9891746421875002 0.17518590560072572 0.8982317647101402 0.14270193125 0.9005752156250001 0.14926271002427427 0.99151809310236
0 0.8491854983733486 0.36893615865139046 0.7296366765624999 0.14461874687499993 0.39006679537665134 0.3255907850986094 0.5096156171875 0.5499081968749999