1 0.8481401375000001 0.36750964375000017 0.7399229430476817 0.3638240855645612 0.7251326242976817 0.7981047886895611 0.83334981875 0.8017903468750001
1 0.8525561703125 9.992007221626409e-17 0.7558812933508016 -0.0032788508700080264 0.7417668546875 0.4128765875000001 0.8384417316491986 0.41615543837000823
1 0.6736606169434791 0.7436378496962723 0.5848005750285489 0.7376433226732072 0.5709963002725699 0.9422713823519351 0.6598563421875001 0.948265909375
1 0.6799980044976264 0.6272884764373063 0.5935031830150204 0.6219244561317565 0.5835131566423942 0.7830136203194503 0.6700079781250002 0.7883776406250002
1 0.6858699109375002 0.4925129671875001 0.6035407904320296 0.48851795046892466 0.5965615404320295 0.6323460129689246 0.6788906609375001 0.6363410296875001
1 0.6979249781250001 0.3540383062500001 0.616092829993377 0.34764773897034773 0.6032554186883531 0.5120326671885562 0.6850875668199762 0.5184232344682087
1 0.7061731828124999 0.21984636875000002 0.6267747912646413 0.21358110498887006 0.611636071875 0.4054309640625 0.6910344634228586 0.41169622782362997
1 0.7156903406249999 0.0935060843750001 0.636842053638488 0.08878109370323124 0.6243256171875001 0.2976491406250001 0.703173904174012 0.30237413129676893
0 0.5063288931756775 0.6776735359955267 0.4748799177988833 0.6751110267802625 0.4666156683732058 0.7765359017222357 0.4980646437500001 0.7790984109375
0 0.5146934244946334 0.6115787488453672 0.4838435346431063 0.6081962842761426 0.474828480460973 0.6904184104307755 0.5056783703125001 0.6938008750000001
0 0.5202713468750001 0.53534018125 0.48810015711023436 0.5322205509562815 0.48048643054773443 0.6107371118937815 0.5126576203125002 0.6138567421875001
0 0.52661611875 0.4593218765625 0.49571484566962354 0.45647144521662764 0.48791300781249997 0.5410504765625 0.5188142808928765 0.5439009079083724
0 0.5424780515625001 0.30906973125000015 0.5155791407263828 0.30415961219640597 0.4964889589898376 0.4087405990872874 0.5233878698259549 0.4136507181408816
0 0.54755386875 0.23804793437500002 0.5172802075355112 0.2354225764767089 0.5075818015625001 0.34725733125 0.5378554627769889 0.3498826891482912
1 0.5551675968750001 0.16381409531250007 0.5243690161923896 0.16121916449199433 0.513926575 0.28515787031250006 0.5447251556826105 0.28775280113300583
1 0.5291540281250001 0.3879431859375001 0.49861182582390456 0.3868785338426397 0.4955267343750001 0.4753820812500001 0.5260689366760957 0.47644673334486043
0 0.578923900843713 0.12492966171938794 0.5517250140625001 0.10908969687500006 0.49728546790628697 0.2025681273431122 0.5244843546875 0.21840809218750007