1 0.41334552031249994 0.39924337343749994 0.412003714646059 0.3100300679794418 0.004363643073137475 0.31616114624289715 0.005705448739578331 0.40537445170095526
1 0.8126666423986781 0.40449053415184266 0.8122157874999999 0.3037986171875 0.3738934849071341 0.3057612350746323 0.3743443398058122 0.40645315203897503
1 0.21449123281250007 0.5241420609375 0.049801489635527954 0.3934870047676661 0.0003551609375000098 0.45581374062500013 0.1650449041144721 0.586468796794834
1 0.3240797390582112 0.44614446090966053 0.10845269687500007 0.440561884375 0.106275393754289 0.5246602265903395 0.3219024359375001 0.5302428031249999
1 0.43552799543188037 0.44771929978895253 0.24846474531250004 0.44300218124999996 0.24635770483260494 0.5265595133474474 0.43342095495198524 0.5312766318864
1 0.5456589969972903 0.450581832173831 0.3919084593750001 0.44727270156250015 0.3901683824597088 0.5281210549983212 0.5439189200819989 0.531430185609652
1 0.6808548921875001 0.45276336875000006 0.5339795078125001 0.45154322187500007 0.5332784285250183 0.5359357584917486 0.6801538129000182 0.5371559053667485
1 0.83425044375 0.45276336875000006 0.65546055 0.45276336875 0.65546055 0.5387838437500001 0.83425044375 0.5387838437500002
1 0.99450933125 0.455813740625 0.7772053391619557 0.45337896329475325 0.7762225775748159 0.5410904815117473 0.9935265696628601 0.5435252588419941
0 0.4919343485289901 0.613367590836479 0.393360065625 0.609783071875 0.39225858428351 0.6400738122885211 0.4908328671875001 0.64365833125
0 0.5577275393087255 0.6128598328207945 0.47269413125000004 0.6107602421875 0.4718853416908709 0.6435162144825142 0.5569187497495964 0.6456158051158087
0 0.632095140625 0.6179261625000001 0.5501960015625001 0.6146689265625 0.5488780937674186 0.6478060759284079 0.6307772328299185 0.6510633118659079
0 0.7132614031250001 0.6250920828125002 0.6268172231867449 0.6185481728479896 0.6245464953125001 0.6485441859375001 0.7109906752507552 0.6550880959020107
0 0.8856119507405378 0.6504287552934247 0.8848835386663841 0.6274223143630502 0.7695142707383462 0.6310750465696253 0.7702426828124999 0.6540814874999998
0 0.21940705939856447 0.5976777217756009 0.07950775890839314 0.597079861897037 0.07936554794732872 0.6303572479339361 0.21926484843750008 0.6309551078125001
0 0.14964141875000006 0.627046425 0.016571945198982484 0.5684839608769982 0.005850715625000058 0.5928454421875 0.13892018917601762 0.6514079063105018
1 0.7929595062500002 0.6307533125000002 0.6981568936312977 0.623425574918094 0.6960469343750002 0.6507231750000001 0.7908495469937027 0.6580509125819063