1 0.7786754531249999 0.7990268421875003 0.7690985712352176 0.7099682523619729 0.3342989727977178 0.7567242632994728 0.3438758546875 0.8457828531250001
1 0.3802814675892935 0.8487880667487563 0.37938120156249994 0.755610546875 -0.0008357364734385364 0.7592841410272053 0.00006452955335503052 0.8524616609009616
1 0.756320521875 0.6488973875000001 0.7458836808733256 0.560836540692341 0.5930666607925256 0.5789481873406703 0.6035035017942 0.6670090341483295
1 0.999816503125 0.5655527687500002 0.9354446503268011 0.474781843900966 0.8290344499999998 0.5502445734375 0.8934063027981989 0.641015498286534
1 0.9127511421875001 0.6284864609375 0.9023369697799538 0.5407500130001985 0.7063596671899196 0.5640121972476965 0.716773839597466 0.651748645184998
1 0.605630475 0.6642055828125 0.5976574595896961 0.5812363893107502 0.456056653339696 0.5948436736857501 0.46402966874999996 0.6778128671875
1 0.4955442974855361 0.676595208033344 0.48364329375 0.5978700703125 0.31244138376446395 0.623750934154156 0.3243423875 0.702476071875
1 0.38256910582707815 0.6963875878130406 0.37341173124999993 0.616620315625 0.17831472542292184 0.6390176762494594 0.1874721 0.7187849484375
1 0.2774952899975319 0.7054817678842663 0.26649800703416693 0.6292360726362233 0.04519326547413506 0.661155918814457 0.0561905484375 0.7374016140624999
1 0.4482726522874648 0.5219516461471103 0.44398294062500004 0.4925573734375 0.3480011008375352 0.5065646741653898 0.3522908125 0.5359589468750001
0 0.744040465625 0.4753986140625 0.7393838525375489 0.44588061039911875 0.6418449031249999 0.46126786875 0.646501516212451 0.49078587241338123
0 0.6617162624999999 0.48852001875000006 0.6575757925496227 0.46144522866349574 0.5768233864335741 0.47379446239258066 0.5809638563839512 0.500869252479085
0 0.3149645185455713 0.5389395095287582 0.3100282545297822 0.5120713523686431 0.19773825160921102 0.5327014647148849 0.20267451562500005 0.559569621875
0 0.182337734375 0.5357406671875 0.16641125269333068 0.509760593262856 0.07392335717989329 0.5664581522437663 0.08984983886156261 0.5924382261684102
1 0.24606607748600123 0.5553951654426467 0.24274721874999994 0.525058721875 0.12572726313899868 0.5378609048698534 0.129046121875 0.5681973484375