1 1.0000000000000004 0.19009538906249995 0.8776600354567862 0.1151607623735258 0.8505774221656097 0.15937644871479942 0.9729173867088237 0.23431107540377355
1 0.9273990531249998 0.2114197828125 0.9249045650017098 0.15424133659409914 0.763139653168116 0.16129855269599616 0.7656341412914061 0.21847699891439704
1 0.8244949453125001 0.21927608124999995 0.8214929000994386 0.15916044702351612 0.6691063912281882 0.16677030085569183 0.6721084364412496 0.22688593508217564
1 0.7114899421875001 0.22713247343750004 0.7077968008484055 0.16861898970996078 0.5772338300026962 0.17685961177291182 0.5809269713417908 0.23537309550045107
1 0.6029040546874999 0.2314815109375 0.6007692609864547 0.1801463319763123 0.48946462060382495 0.18477497942615545 0.49159941430487014 0.23611015838734314
1 0.4949495 0.2348484765625 0.4917859063610289 0.1817606232349189 0.38229542354852897 0.18828534354741894 0.3854590171875 0.24137319687500006
1 0.3973512499483748 0.24138157100007446 0.39478035856276245 0.18552459677137947 0.2701409414268877 0.19126129139630496 0.2727118328125 0.247118265625
1 0.30167751432184575 0.2464846014558916 0.30036000468749996 0.1877524421875 0.15828800130315418 0.19093947354410842 0.15960551093749997 0.24967163281250002
0 0.20716597766056405 0.2463682438640266 0.20493006301855674 0.18995135304868513 0.04507123067049266 0.19628687949715856 0.0473071453125 0.2527037703125
1 0.2876079364853199 0.1272804710733995 0.2863229116616852 0.09937951240704428 0.1964714314263653 0.10351777102114476 0.19775645625 0.13141872968749996
0 0.35111588852666786 0.12472161753438779 0.35036014843749996 0.09694826406249998 0.2684551989733321 0.09917697777811217 0.2692109390625 0.12695033125
1 0.4123927962281925 0.12181097595935202 0.41211978124999993 0.09247983906249999 0.34003323658430734 0.09315082247814797 0.3403062515625 0.12248195937499999
0 0.47872679375000005 0.1215244171875 0.47784251446499254 0.0896904523926694 0.4089015832149925 0.09160548364266942 0.4097858625 0.12343944843750003
0 0.5476336703124999 0.11854330937499999 0.5442820016743932 0.08228744564263549 0.4728354203125 0.088892315625 0.47618708895060663 0.1251481793573645
0 0.6170770171875 0.11502641875000001 0.6153243233782615 0.0842173068439694 0.5342617275556134 0.08882886170775457 0.5360144213648519 0.11963797361378518
0 0.9567899765624999 0.09410702500000004 0.9520548838582638 0.058649278129441054 0.8430271231027936 0.07320904574234259 0.8477622158070297 0.10866679261290157
1 0.45182507627129487 0.32677689015667366 0.44884851993043495 0.2717339413150675 0.13952756240914002 0.2884610839708938 0.14250411875000002 0.34350403281249997
1 0.745844775 0.30712688906249996 0.7404271847046336 0.250242147222003 0.4457724143921336 0.278304484722003 0.4511900046875 0.33518922656249994
1 0.998625128125 0.2662025953125 0.9891194977557026 0.21184230933078982 0.7139092140625001 0.25996654531249996 0.7234148444317975 0.31432683129421013
1 0.3417926250000002 0.4961978953125 0.07002492320464682 0.43887191405482573 -0.01639931585785326 0.8485869562423256 0.2553683859375001 0.9059129374999999
1 0.5862920828125 0.8713947765625003 0.5607747059594183 0.47872591496285344 0.2374487653344183 0.4997370790253533 0.2629661421875 0.892405940625
1 0.9045527828125 0.8293727656249998 0.8459737458335495 0.43396408748008036 0.5319339989585494 0.4804884734175802 0.5905130359374999 0.8758971515624998