0 0.21137728437500006 0.3849147703125001 0.07868023737139836 0.3067367151944011 0.04904830625000003 0.35703305156250004 0.18174535325360175 0.435211106680599
0 0.34203960312500004 0.40054271718749995 0.3383138500161248 0.3332174704114262 0.14287447387097535 0.34403300987303853 0.1466002269798505 0.41135825664911235
1 0.4376388703124999 0.39796769375 0.43499776277220403 0.328440310867613 0.2509266630247406 0.33543254255158056 0.25356777056503643 0.4049599254339675
1 0.552782521875 0.28305925468750004 0.5461204545119048 0.19346942427749933 0.15522217828381207 0.22253735125572316 0.16188424564690726 0.31212718166572384
1 0.9826134074832137 0.22525339725634796 0.975510809375 0.14285215312500005 0.5037917190565999 0.18351211103975126 0.5108943171648136 0.26591335517109915
1 0.5377334031250001 0.3924623640625 0.5348341198356227 0.3245106038148618 0.36383212392364805 0.3318067095726958 0.36673140721302533 0.39975846982033403
1 0.6481688796874999 0.38927510624999995 0.6455733048326576 0.3172135784523002 0.48946103708706595 0.3228365660446588 0.49205661194190825 0.3948980938423585
1 0.7874519550938113 0.3794580812085081 0.7820125891950398 0.30839253115177423 0.6287205593750002 0.32012552187500004 0.6341599252737716 0.39119107193173386
1 0.9564003382299937 0.3773113164598689 0.9544797109374998 0.29486679843749997 0.7666116383325059 0.299243372602631 0.7685322656249999 0.38168789062499997
0 0.6787459671874999 0.4984737609375 0.6780576551830155 0.46762100032126314 0.5986400755074679 0.4693927728422933 0.5993283875119523 0.5002455334585302
0 0.7585769735338521 0.4926861183293386 0.7566710948535047 0.4630760005984019 0.67226318125 0.46850898281250003 0.6741690599303474 0.4981191005434368
0 0.8472979203125 0.4662039593750002 0.7512989046875 0.4662039593750002 0.7512989046875 0.49386381250000017 0.8472979203125 0.49386381250000017