1 0.7710479796875002 0.3525955500000001 0.6703393709495834 0.3460107015707648 0.6414913318870834 0.7872123343832647 0.7421999406250002 0.7937971828125001
1 0.7701854551728343 0.4001615246700541 0.7601303578125 -2.7755575615628915e-18 0.6593151417021658 0.0025332440799459067 0.6693702390625 0.40269476875
0 0.43258939913952077 0.6643008326545901 0.40054503030739885 0.6619913284903018 0.3933574389803783 0.7617191536482119 0.4254018078125001 0.7640286578125001
0 0.4406423827922338 0.5965412139496187 0.40809250111113704 0.5940001715205923 0.4015112542564033 0.6783036856959737 0.4340611359375002 0.6808447281250001
0 0.44255046718750013 0.5209454874999999 0.4141247480130931 0.5198348367407282 0.4110479198880931 0.5985824101782282 0.4394736390625001 0.5996930609375
0 0.4492169281250001 0.4453708937500001 0.4188170948420444 0.443549180984179 0.4138334031250002 0.5267145406250001 0.44423323640795587 0.5285362533908212
1 0.593315053125 0.9270868203125001 0.5102145815547562 0.8458478770484517 0.4389347253047563 0.9187610567359517 0.5220351968750001 1.0000000000000002
1 0.6053810524943725 0.7275300063361874 0.5152861353895738 0.7214144728626979 0.5016817219577017 0.9218366446515109 0.5917766390625003 0.9279521781250004
1 0.6079625412137031 0.6120588476152358 0.5198487642489334 0.6078816021106548 0.5123805417852305 0.7654144279329191 0.6004943187500003 0.7695916734375002
1 0.6112632171875001 0.47796604218750005 0.5279241705763509 0.4755471312210922 0.5238217330763508 0.6168889312210921 0.6071607796875 0.6193078421875
1 0.62034184375 0.3399156156250001 0.5400939988898441 0.3357926607261213 0.5317989075189938 0.4972456044897893 0.6120467523791497 0.5013685593886681
1 0.6301241281250001 0.20329417812500009 0.5492043372775266 0.19848892056089826 0.5378192812500001 0.3902114953125001 0.6187390720974736 0.3950167528766019
1 0.6338646625 0.07603950468750006 0.5536141462158874 0.07286911433911926 0.54525296875 0.284511446875 0.6255034850341125 0.28768183722338087
1 0.45468643593750013 0.36982505156250006 0.42607700038261803 0.36820397649726017 0.4208442265625001 0.4605542375000001 0.4494536621173822 0.46217531256524
1 0.4719059109375001 0.1478944187500001 0.44516022877789707 0.14633547167587388 0.438924896875 0.25331037031250003 0.46567057903460307 0.25486931738662627
1 0.4600459109375 0.2948993546875001 0.43302296719543376 0.29257120884030385 0.4243591279310337 0.39313296759529726 0.45138207167309996 0.3954611134424935
0 0.4723993037021468 0.20100320766693264 0.4714185169411578 0.09121628542650294 0.441466096051511 0.09148386682207026 0.4424468828125 0.20127078906249998