1 0.8212016890625 0.9535133703125 0.81617379601624 0.8662896472353319 0.36918932882874006 0.892055459735332 0.374217221875 0.9792791828125
1 0.4083337845277747 0.9740799197261982 0.4063511953125 0.8906796468749999 -0.001982589215274608 0.9003865474613019 2.7755575615628915e-18 0.9837868203125002
1 0.3021714340603759 0.8403236198771878 0.29709405625000007 0.7625618437500001 0.08494464406462417 0.7764139285603121 0.090022021875 0.8541757046875
1 0.4091317883684839 0.8301481022112298 0.40413687031249995 0.7519179109374999 0.212383675694016 0.76416115716377 0.21737859375 0.8423913484374997
1 0.5205855393596324 0.8198939421632426 0.5146864796874999 0.7420342578125 0.3482018168903676 0.7546480125242575 0.35410087656250006 0.8325076968750003
1 0.6404179499999999 0.8108396874999999 0.6349421776831503 0.7326502234733583 0.48838375893315045 0.7429140172233581 0.49385953124999993 0.8211034812499995
1 0.7932161484375 0.8030447453124999 0.788069286683478 0.7190865673101844 0.6250293536447702 0.7290813529963638 0.6301762153987922 0.8130395309986793
0 0.7812863203124999 0.6367361015624999 0.7788661953201101 0.605855618579084 0.6740434887328668 0.6140706472144185 0.6764636137252565 0.6449511301978345
0 0.6952713250000001 0.6434460203124999 0.6925892162099548 0.6156724792578017 0.6090922228437384 0.6237358378122198 0.6117743316337838 0.651509378866918
0 0.6152157984375001 0.651921709375 0.611994667574052 0.620410644263498 0.5325350863240519 0.628533178638498 0.5357562171875 0.66004424375
0 0.5429511398760476 0.6592102472070486 0.540921090625 0.6296730265625 0.45684902418645246 0.6354511746679515 0.4588790734375 0.6649883953125
1 0.47781079192601955 0.6644620595775376 0.4755655859375 0.63850186875 0.3837297033864805 0.6464444326099625 0.38597490937500006 0.6724046234375001
0 0.412120018955984 0.6725227402277727 0.4094154859375 0.6452117890625 0.3071878294815159 0.6553351300847272 0.30989236249999996 0.6826460812499999
0 0.34857008041712534 0.678842886221952 0.3461406765625 0.6525190187500001 0.23627483364537455 0.662658429403048 0.2387042375 0.688982296875
1 0.955219196875 0.7900387312499999 0.9488579690709866 0.7067861596060828 0.7436367014780811 0.722466867211975 0.7499979292820945 0.8057194388558921
0 0.2188430200250877 0.6921524528387832 0.21489239423055206 0.6639705725443107 0.11554386581736038 0.6778975658782258 0.11949449161189603 0.7060794461726984