1 0.778675453125 0.20097315781250008 0.3438758546875 0.15421714687500004 0.3342989727977178 0.2432757367005272 0.7690985712352177 0.29003174763802725
1 0.3802814675892935 0.15121193325124382 0.00006452955335504786 0.14753833909903846 -0.0008357364734385069 0.24071585897279463 0.37938120156249994 0.24438945312500002
1 0.7563205218750002 0.35110261250000013 0.6035035017942001 0.33299096585167065 0.5930666607925257 0.4210518126593299 0.7458836808733258 0.4391634593076594
1 0.9998165031250001 0.43444723125000007 0.8934063027981989 0.358984501713466 0.82903445 0.4497554265625 0.9354446503268014 0.5252181560990341
1 0.9127511421875001 0.37151353906250006 0.7167738395974663 0.34825135481500213 0.7063596671899198 0.43598780275230375 0.9023369697799536 0.4592499869998017
1 0.6056304750000001 0.3357944171875 0.46402966875 0.3221871328125 0.4560566533396961 0.40515632631424997 0.5976574595896962 0.41876361068924994
1 0.4955442974855361 0.32340479196665595 0.32434238750000005 0.29752392812500006 0.31244138376446395 0.3762490658458441 0.48364329375 0.4021299296875
1 0.3825691058270782 0.3036124121869595 0.18747210000000003 0.28121505156249993 0.17831472542292184 0.36098232375054057 0.37341173125 0.3833796843750001
1 0.2774952899975319 0.2945182321157338 0.05619054843750003 0.26259838593749996 0.045193265474135075 0.338844081185543 0.26649800703416704 0.3707639273637768
1 0.4482726522874649 0.4780483538528898 0.35229081250000005 0.46404105312500016 0.3480011008375353 0.49343532583461036 0.4439829406250001 0.5074426265625
0 0.744040465625 0.5246013859375 0.646501516212451 0.5092141275866189 0.641844903125 0.53873213125 0.7393838525375489 0.5541193896008813
0 0.6617162625 0.5114799812500002 0.5809638563839513 0.4991307475209152 0.5768233864335741 0.5262055376074196 0.6575757925496228 0.5385547713365045
0 0.3149645185455713 0.4610604904712419 0.20267451562500005 0.440430378125 0.19773825160921105 0.46729853528511534 0.3100282545297822 0.4879286476313571
0 0.18233773437500006 0.46425933281250015 0.0898498388615627 0.40756177383158987 0.07392335717989336 0.4335418477562338 0.1664112526933307 0.4902394067371441
1 0.24606607748600137 0.44460483455735345 0.12904612187500009 0.43180265156250003 0.1257272631389988 0.46213909513014667 0.24274721875000008 0.4749412781250001