1 0.5281662039272761 0.5795930475433523 0.4672111671875 0.18939388281250003 0.14978086233370394 0.23898131826492547 0.21073589907347995 0.6291804829957777
1 0.8526952563119152 0.5370060702684716 0.8014914984375 0.13047136249999997 0.46398487985894654 0.1729809117425975 0.5151886377333618 0.5795156195110691
1 1.0149666373751194 0.5095059959334807 0.9544219448715427 0.10584966580416219 0.6642422246839232 0.1493739229956817 0.7247869171874999 0.553030253125
1 0.3499209984375 0.8219403968750001 0.3442993243828429 0.7769822458699868 0.035174064062500024 0.815636003125 0.04079573811715714 0.8605941541300132
1 0.6181884456077198 0.7893545411003837 0.6129452390624999 0.744289190625 0.317596280627094 0.7786520786455486 0.32283948717231387 0.8237174291209325
1 0.9339183574397627 0.7592270997572745 0.9300274015625002 0.7115372765625 0.6099191784977375 0.7376545252427253 0.613810134375 0.7853443484374999
1 0.9246465318307461 0.8609132516755551 0.9208792578125001 0.8015431890625002 0.766891997856754 0.8113143123869453 0.770659271875 0.8706843750000001
1 0.8045369246806834 0.8713392213030534 0.7998281984375001 0.8127786484374997 0.6668977018818169 0.8234672958844464 0.6716064281250002 0.8820278687500002
1 0.6858220543552085 0.8815629287915001 0.6807196226009793 0.8257197428801651 0.5669628234374999 0.8361137828125 0.5720652551917291 0.8919569687238351
1 0.5771720171875001 0.8888339437500001 0.5728327556263391 0.8364914483554958 0.4560235779366229 0.8461750824833605 0.46036283949778384 0.8985175778778645
1 0.4850467625 0.8968283828124999 0.4820550642774955 0.8477859234230454 0.34928610333890575 0.8558851229613371 0.35227780156141025 0.9049275823507916
1 0.384413928125 0.9028782390625001 0.3720578206908696 0.846499030334915 0.2409999890625 0.8752217578125 0.2533560964966304 0.9316009665400851
1 0.30079633437500003 0.920163553125 0.29312066088298644 0.8647085647999528 0.13599188437500004 0.8864571796875002 0.14366755786701363 0.9419121680125473
1 0.7360399494812946 0.9638229236770209 0.7320232975623523 0.9398390041853417 0.6527622308935578 0.953113069570821 0.6567788828125 0.9770969890625002
1 0.8812618806135571 0.9594700380294645 0.8808935140624999 0.9312909015624999 0.7886430146989426 0.9324968291580353 0.7890113812499999 0.9606759656249999
0 0.6623234773045769 0.9766562606020471 0.6601819062500001 0.9503047625000003 0.5876626929171352 0.9561983571477477 0.589804263971712 0.9825498552497945
0 0.5933972234374999 0.9806620812500002 0.5914390627046694 0.9559843996889201 0.5171438705307819 0.961879683149521 0.5191020312636125 0.9865573647106011
0 0.5298940218750001 0.9848753546875002 0.5267772607493623 0.9603308914229973 0.448234531264511 0.970304583791896 0.45135129239014893 0.9948490470563989
0 0.33165355 0.6058397593750001 0.2774895657288315 0.23300736623794222 -0.0005386833375846556 0.27339848564327235 0.053625300933583885 0.6462308787803303