1 1.054721496720713 0.3983698462165557 0.9889494399175554 0.06578571230100116 0.6283352025718423 0.13710102077194553 0.6941072593750001 0.4696851546875
1 0.7317863131642703 0.4584123658880445 0.6378669687499999 0.13459812656249998 0.3291194566319044 0.2241475052064584 0.4230388010461749 0.5479617445320029
0 0.5035151859375 0.5215218125 0.2978788190454076 0.19297817243487314 0.0817708578125 0.3282407390625 0.2874072247045925 0.6567843791276269
1 0.7975504416269762 0.6606340438130358 0.7899700999999999 0.6103207890624999 0.48852600155780995 0.6557372356620574 0.4961063431847862 0.7060504904125934
0 0.5276434421875 0.70431136875 0.5196279659766018 0.6569077026075999 0.239592370023563 0.7042588642418812 0.24760784623446125 0.7516625303842813
1 0.8691346430538568 0.7226860876278107 0.864264846875 0.6766040421875001 0.740062110509464 0.689729371264741 0.7449319066883208 0.7358114167050516
1 0.7496930328125001 0.7357098390625001 0.7443889072598104 0.6930158064764098 0.6264788406250001 0.7076644531250001 0.6317829661776897 0.7503584857110903
1 0.6531501968749999 0.7483970515625 0.652038893883335 0.7069786477572542 0.5213531695088991 0.710485094725807 0.5224644725005639 0.7519034985310529
1 0.5547291249999999 0.7510680390625001 0.5436240348195931 0.7073365043504952 0.42137231249999996 0.7383808390625001 0.4324774026804068 0.7821123737745049
1 0.4750907015625 0.7704326874999998 0.4680129224671917 0.7306227954510391 0.33253455420436745 0.75470942099571 0.33961233329967566 0.7945193130446707
1 0.39889660156249995 0.7846284328124999 0.3924060102526744 0.7452043636515331 0.23811708125000003 0.770605759375 0.24460767255982555 0.8100298285359668
0 0.7049216546874999 0.8212001015625002 0.7020499636224813 0.7953517714598034 0.6169043461727906 0.8048112571551778 0.6197760372378092 0.8306595872578747
0 0.7660216546874998 0.8178185390625 0.7639696952522215 0.7912394861596238 0.687265975 0.7971611765625001 0.6893179344352783 0.8237402294653764
1 1.0058412509302948 0.6993303112746199 0.9986381841521901 0.6529195299468784 0.8459566363468956 0.6766160796097586 0.853159703125 0.7230268609374999