1 0.6927768778282606 0.7473676669698824 0.6375192400368632 0.4343375943569631 0.27265443281249996 0.49874535937499986 0.3279120706038973 0.8117754319879193
1 0.6392390844848078 0.4396758837100688 0.5847982463829471 0.09634839429695549 0.194646071875 0.15821414062500003 0.24908690997686075 0.5015416300381134
1 0.8406871484374999 0.34794750625000004 0.8004129683986386 0.010257933544992747 0.7516916937499999 0.016068623437500006 0.7919658737888613 0.35375819614250725
1 0.8790521288216399 0.6425798233494221 0.8390384767652665 0.343841537777712 0.7945413578125 0.349801578125 0.8345550098688733 0.6485398636967101
1 0.9169309703125001 0.18733399999999997 0.9026860358381793 0.026076885055832676 0.846055559375 0.031079439062500012 0.8603004938493208 0.19233655400666733
1 0.9287435390625001 0.28893161406250006 0.9133917913433585 0.15162943157303754 0.8608738093240762 0.15750146358345596 0.8762255570432178 0.2948036460729185
1 0.9394251625945611 0.39081612116105574 0.9277428452915686 0.27404911487202427 0.8753964546875 0.27928627187500005 0.8870787719904925 0.39605327816403146
1 0.9530814198852517 0.5028118790106779 0.9413182078125001 0.38688543281249993 0.8884080339741033 0.3922542991590386 0.900171246046855 0.5081807453572166
1 0.9678688022374112 0.6108875743107115 0.9512255234375002 0.4801237515624999 0.899144539950089 0.48675248350178857 0.9157878187499999 0.6175163062500001
1 0.9830840498359852 0.7160889045302197 0.962275990625 0.5722903640625001 0.9110689545193461 0.5797001683333904 0.9318770137303313 0.7234987088011099
1 0.9935812778676661 0.8209172885477901 0.9759938125 0.6633424046875 0.9245858948529007 0.669080216127322 0.9421733602205669 0.826655099987612
1 1.0284055495931033 0.7649421699876006 0.9814531257842534 0.7450144151113107 0.9107509605661501 0.9115980591862103 0.957703384375 0.9315258140625001
1 0.923196201300243 0.9222054027633503 0.875857503125 0.6168330328125 0.827691187762257 0.6242997550491498 0.8750298859375001 0.9296721250000001