1 0.7835811886211278 0.7774601808797608 0.7712333772532376 0.47490797481425684 0.7214729323821099 0.47693880643449615 0.7338207437500002 0.7794910125000001
1 0.7754253984375 0.4767789500000001 0.7698492998025236 0.17277859977031845 0.7156213138650236 0.17377327164531847 0.7211974125000001 0.4777736218750001
1 0.570601061301491 0.9238416778304499 0.5601119968750001 0.5580355531250001 0.17120275381389968 0.5691870725529767 0.18169181824039066 0.9349931972584267
1 0.5584301534750965 0.5947542094419179 0.5465192004824868 0.26913852943411004 0.16073999375000003 0.28325025156250005 0.1726509467426098 0.608865931570308
1 0.6327287443483288 0.20609565093508006 0.2330899953125 0.003255750000000024 0.10395317532595105 0.2576833895126365 0.5035919243617799 0.4605232904477166
1 0.9280164847629345 0.9220611202064202 0.8803283875000002 0.8881495843750002 0.8245753271687442 0.9665523254658293 0.8722634244316785 1.0004638612972492
1 0.8824516905851487 0.9677089982868065 0.8778861109375 0.7988538015624999 0.8226432672273514 0.8003474814006933 0.8272088468750001 0.969202678125
1 0.878565477282578 0.858933504843027 0.8736121234375 0.70234566875 0.8179365342352052 0.7041068585124559 0.8228898880802831 0.8606946946054828
1 0.8746156303530744 0.7434867515503816 0.86706059375 0.6085585515624999 0.8122770852719257 0.6116260453246184 0.8198321218750001 0.7465542453125
1 0.8678580254363982 0.632898361768331 0.8639994890625001 0.5163154406250001 0.8116005776886018 0.518049683544169 0.8154591140624999 0.6346326046875
1 0.8637115250993939 0.5232419203430061 0.8611370267356389 0.4123132095383097 0.809823512573745 0.4135041235703037 0.8123980109375001 0.5244328343750001
1 0.8606314843105854 0.302062118926495 0.80889960625 0.30181945937500004 0.8083319063144145 0.42284574357350513 0.8600637843750001 0.42308840312500007
1 0.8613756859375 0.18866790937500008 0.8067131015625 0.18866790937500008 0.8067131015625 0.3298613656250001 0.8613756859375 0.3298613656250001
0 0.8679866732456224 0.07623595444940919 0.8067131015625 0.07576234218750011 0.8054843149881294 0.234736567104003 0.866757886671252 0.2352101793659121
0 0.9545207296875 0.29763777187500007 0.9269707875 0.29763777187500007 0.9269707875 0.38028760000000006 0.9545207296875 0.38028760000000006
0 0.9590116571029196 0.5073991880674502 0.9572645134428678 0.43541142725066556 0.9243490422774482 0.4362102860582153 0.9260961859375 0.508198046875
0 0.9584564359375001 0.5022944875000003 0.9274497142906212 0.5020748740513549 0.9269151705290177 0.5775458879001862 0.9579218921758967 0.5777655013488318
0 0.9586537453946731 0.6475065447792436 0.9562699328125 0.5640358765625001 0.929632123203536 0.5647966173959447 0.9320159357857092 0.6482672856126881
1 0.953646128125 0.3672505734375001 0.9260961859375 0.3672505734375001 0.9260961859375 0.44129104375000017 0.953646128125 0.44129104375000017
1 0.9540834281249999 0.317808265625 0.9509483556441021 0.22716540615276998 0.925404481336817 0.22804889435981196 0.9285395538177148 0.318691753832042
0 0.9664669213946098 0.7098290672060393 0.9583128921874998 0.6255222374999999 0.9321060585547812 0.6280569228583767 0.9402600877618912 0.7123637525644162
0 0.9681048808678747 0.9962859194022338 0.9634003671875002 0.8791877031249999 0.9368906991964069 0.8802527500547587 0.9415952128767815 0.9973509663319925