1 0.43143920625000004 0.4854086671875001 0.13587263378305708 0.4205969727552749 0.03964996093750013 0.8594098421874999 0.3352165334044431 0.9242215366197251
1 0.23956834375000008 0.4821279468750001 0.07909223401827022 0.39784333236256886 -0.12021099723172975 0.7773124370500687 0.04026511250000011 0.8615970515625
1 0.6780739212293905 0.4820055745429127 0.35442186599250636 0.4761228418853685 0.347124836950616 0.877585662654956 0.6707768921875001 0.8834683953125001
1 0.9975927234374999 0.8458769062500002 0.9501086644381715 0.4414141600297068 0.6240878941256716 0.4796891053422067 0.6715719531250001 0.8841518515625001
1 0.8534348171875001 0.30262375937499997 0.8515373842061041 0.24542861735730176 0.5403746013936043 0.25575135641980185 0.542272034375 0.31294649843750005
1 0.704172296875 0.2224705703125 0.7024254632387944 0.16826407868486842 0.5842840953125 0.17207124843749996 0.5860309289487057 0.22627774006513154
1 0.8230358093750001 0.21943446250000004 0.8218557794151835 0.16201885550792544 0.6784590459145485 0.1649660061266402 0.6796390758743651 0.2223816131187148
1 0.9431237749999999 0.21518392656250002 0.9413670034877344 0.15688101596349574 0.7722765615346343 0.161976014967279 0.7740333330468998 0.22027892556628328
1 0.5432459683281067 0.31316885047017423 0.5429978609375001 0.25427376874999996 0.25344690198439335 0.25549356046732574 0.25369500937499995 0.31438864218749996
1 0.5914996218749999 0.2263416203125 0.5900369268220812 0.17335575046084056 0.4800540049470813 0.17639187077334056 0.48151669999999996 0.22937774062499994
1 0.49236955049926723 0.23047914597128677 0.49176357968750006 0.17594227343749996 0.3722940948132328 0.17726972434121327 0.372900065625 0.23180659687500005
1 0.4015912703125 0.17897836875 0.2670595088013147 0.17886501612761926 0.26701497763456145 0.2317165177483242 0.40154673914574673 0.23182987037070496
1 0.29310271250000003 0.25875203281250003 0.0009188641967267988 0.25730916606660764 0.0006390112235382658 0.3139800394498358 0.29282285952681153 0.3154229061957282
0 0.31086389375 0.17616998906250006 0.16125985781250002 0.17616998906250003 0.16125985781250005 0.23081985781249997 0.31086389375 0.23081985781249997
1 0.3960965080496991 0.11427726262261524 0.3959016765625 0.0845784765625 0.3057211456574681 0.08517008346916152 0.3059159771446671 0.11486886952927675
0 0.45327507714644044 0.11238079774456096 0.4525305916791479 0.08264755475529943 0.3701996114077075 0.0847090257607385 0.3709440968750001 0.11444226875
1 0.5128361853402157 0.11031615782227308 0.5118704468749999 0.07935231718750001 0.43771179434728413 0.08166526874022692 0.43867753281249994 0.112629109375
0 0.5754643390624999 0.107082971875 0.5739609786736952 0.07685129000831778 0.5053275817986953 0.08026429000831777 0.5068309421875 0.11049597187499997
0 0.646497415625 0.10409659218750003 0.645041092201438 0.07399163908141317 0.5706047609374999 0.0775924875 0.5720610843610618 0.10769744060608688
0 0.7184604609375 0.09999032343750003 0.7166730844478917 0.06992890742133592 0.6313045348488735 0.07500470752413872 0.6330919113384817 0.10506612354030283