1 0.25801707818056574 0.14105350397496302 0.005892250000000002 0.015506426562500003 -0.16069896805062914 0.35005648613430906 0.09142586012993659 0.4756035635467721
1 0.5971862176239935 0.49374308371567055 0.4936673609433317 0.45533508276391477 0.3367443968750001 0.8782804437500001 0.4402632535556619 0.916688444701756
1 0.6916130828125 0.6291514312500002 0.6048843830322687 0.5977059500419749 0.5493296274402111 0.7509296099768727 0.6360583272204424 0.7823750911848981
1 0.7387995527346606 0.49659445920750567 0.6521334584369329 0.46551647093777043 0.6029824312500001 0.6025822140625002 0.6896485255477277 0.6336602023322355
1 0.7400592235189735 0.13762569061556346 0.6520458058534022 0.10247286422097128 0.5057742260844286 0.46869837048040786 0.5937876437499999 0.5038511968750001
1 0.8962756743331068 0.20625537865222637 0.8462336890625 0.004423682812499985 0.7796655667955977 0.020928528496487943 0.8297075520662045 0.22276022433621429
1 0.9218493626891515 0.12075884812957485 0.90267926353714 -0.004390749008207728 0.8475472140625 0.00405423906250002 0.8667173132145114 0.12920383620028258
1 0.8801691554241641 0.12721350227787548 0.7989462281249999 0.0960430953125001 0.7252761664508357 0.28801036959712467 0.80649909375 0.31918077656250005
1 0.8340753965539538 0.24617353849040838 0.7525618249999998 0.21421557031250008 0.6861539878210461 0.38359867869709174 0.7676675593749999 0.4155566468750001
0 0.7827783891819833 0.3688495162113939 0.6988676156852663 0.340067154519977 0.6467313686907831 0.4920627711210831 0.7306421421875001 0.5208451328125
0 0.9300262202625633 0.37285037042231156 0.8878565015624998 0.3542307531250001 0.8437164391124364 0.4541991889526886 0.8858861578124999 0.4728188062500001
0 0.8980423024025278 0.4408462032421804 0.8622424546874999 0.4281173875000002 0.8277561600974721 0.5251102358203198 0.8635560078125 0.5378390515625001
1 0.874579198028035 0.515032179428616 0.8359716453124999 0.5012651640625002 0.8049169597844651 0.5883534236963843 0.8435245125000002 0.6021204390625001
1 0.847213886370134 0.5896788806177693 0.8085001243840274 0.5780834767972688 0.7840403942638937 0.6597475727419996 0.82275415625 0.6713429765625001
1 0.8227152000675819 0.6700664324260991 0.7833846524414946 0.6572581243299996 0.7564203578124997 0.74005754375 0.795750905438587 0.7528658518460994
1 0.7997671875000001 0.7396881296875 0.7599974880308934 0.7268953655597631 0.7286540103324207 0.8243348771413324 0.7684237098015274 0.8371276412690692
0 0.6502698937500002 0.7474000515625001 0.563846108025135 0.7149741638849303 0.49190986797698544 0.906703755302539 0.5783336537018506 0.9391296429801089
1 0.7761506437500001 0.8116078546875002 0.7380577972965774 0.7995848321294238 0.7025130921875004 0.9122020203125002 0.7406059386409231 0.9242250428705766
1 0.7523060984375001 0.8852891484375001 0.7150893499219917 0.8728009876752338 0.6729695515204369 0.998324831776525 0.7101863000359453 1.0108129925387914