1 0.2184337329870746 0.07068841309586063 0.1258295671875 0.06906484687500002 0.11780994551232907 0.5264840551064547 0.21041411131190366 0.5281076213273154
1 0.21099230312500014 0.4935322015625 0.1277726531313709 0.4906110309496752 0.11402187500066341 0.8823495135133193 0.19724152499429265 0.8852706841261442
1 0.37723919981436305 0.1012150246221593 0.28613589375 0.09639832812500003 0.27685560799813697 0.2719262472528408 0.36795891406250003 0.2767429437500001
1 0.36936641248938795 0.2685131375982334 0.282796178125 0.26171422656250004 0.2710978949718032 0.4106679500206538 0.35766812933619113 0.4174668610563872
1 0.36044455468750003 0.39180656718750007 0.2769510379559652 0.3860234661595773 0.26576822078564083 0.5474753806269169 0.3492617375171757 0.5532584816548398
1 0.3520952671875001 0.499825478125 0.2741142030907688 0.4939951178979475 0.2607023294662779 0.67337891856191 0.33868339356300925 0.6792092787889625
1 0.343745978125 0.6019781640624999 0.2722164437713514 0.5960819206731058 0.25618390431021626 0.7905786546824776 0.32771343866386493 0.7964748980718717
1 0.4686358406250001 0.4308006609375001 0.439393851297483 0.42778990269562067 0.42981843026408517 0.5207911791748356 0.45906041959160226 0.523801937416715
1 0.44383475156250024 0.6240854328125002 0.41790915155392916 0.6223971563937827 0.4111596140625001 0.7260447625000003 0.43708521407107115 0.7277330389187177
0 0.4996042961713312 0.11072678679256584 0.46574992968749995 0.10774730468750007 0.45599189445366883 0.2186229835199343 0.48984626093750006 0.22160246562500005
0 0.4924875120779424 0.2063073922958923 0.460242196875 0.20185208125000004 0.44796241292205774 0.29072702176660786 0.4802077281250002 0.29518233281250006
0 0.47863527311004167 0.2891275901660008 0.4465001757001629 0.2885998394412439 0.445140828125 0.37137142968750003 0.47727592553487874 0.37189918041225695
0 0.4762245609375001 0.36516194531250007 0.44634015674310384 0.3624003504131856 0.438459278125 0.447682721875 0.4683436823193963 0.4504443167743145
0 0.45937543437500006 0.4970317796875 0.43538876031808094 0.49383069851611544 0.4222284864305708 0.5924446302905937 0.4462151604874899 0.5956457114619782
0 0.3345147703125001 0.6990964953125001 0.2793099497526043 0.6881918398567783 0.23819133613079185 0.8963548300476145 0.29339615669068764 0.9072594855033362
0 0.3512791819165063 0.8362199851507908 0.3075620501774312 0.8093450711574306 0.209232772948425 0.9692962422566399 0.2529499046875001 0.9961711562500002