1 0.7141197157442408 0.3876096614625133 0.4084216906050468 0.3872436944583987 0.407937873298306 0.7913839408083854 0.7136358984375001 0.7917499078125
1 1.0072778217618334 0.8037163652977298 0.98703114921499 0.37155385918784745 0.6883744515625001 0.38554582812500005 0.7086211241093433 0.8177083342348824
1 0.4817737031250001 0.3888912046875001 0.21464436222612354 0.3261657401603219 0.11783924375000006 0.7384303234375 0.3849685846488766 0.8011557879646782
1 0.2972273656250001 0.38263752812500007 0.13363913056151364 0.29374598382418665 -0.0782593240716741 0.6837053942358051 0.08532891099181232 0.7725969385366185
1 0.9303643218750001 0.2080249734375 0.9287370531400951 0.15656986270581824 0.6056140515775952 0.16678863301831828 0.6072413203125001 0.21824374375000005
1 0.6034816353458693 0.2167533833664069 0.60288881875 0.1675639390625 0.3151379193416307 0.1710318275710931 0.3157307359375 0.22022127187499999
1 0.4601885671875 0.07650758750000006 0.33279657500000004 0.07650758750000006 0.33279657500000004 0.13076396406250004 0.4601885671875 0.13076396406250004
1 0.5547502966593882 0.12752740481528102 0.5528806687500001 0.07121546875 0.4347172783406119 0.075138643622219 0.4365869062500001 0.1314505796875
1 0.6537906484374999 0.1236334875 0.652118992488914 0.06658824155021217 0.5448564643639141 0.06973146655021216 0.5465281203125001 0.1267767125
1 0.7726689671875 0.11755451875 0.7707160124401073 0.06123620634667738 0.6540874818177584 0.06528054348748477 0.6560404365651512 0.12159885589080739
1 0.8991583890625 0.11318447968750003 0.8977277209985692 0.05657831798158909 0.7523292552782774 0.060253128906436526 0.7537599233422082 0.11685929061234748
1 1.0004629637920812 0.11071609551449688 0.9993600486222917 0.05109230912015689 0.857585076403069 0.05371484916689129 0.8586879915728586 0.11333863556123129
0 0.37153156874178045 0.13036335787787626 0.371243528125 0.07770584843749999 0.23134376563321962 0.07847111087212374 0.23163180625000007 0.1311286203125
1 0.3419182929039823 0.2195382105623589 0.341693511287423 0.17200957741203465 0.048014466820940696 0.1733985012246758 0.04823924843750001 0.22092713437500003