1 0.8939884562500001 0.3195828031249999 0.8312523718750002 0.0012897640624999652 0.43303371142959185 0.07977932058873291 0.4957697958045918 0.3980723596512329
1 0.8902980921875002 0.32096667031250015 0.49223560260170246 0.296669126778548 0.47255372916420246 0.619113884591048 0.8706162187500002 0.6434114281250002
1 0.9127944078440702 0.6505836957118639 0.4866655781250001 0.5588006750000001 0.4234215390309302 0.8524291496006364 0.8495503687500001 0.9442121703125002
1 0.8507806281250001 0.9435202656250002 0.4817450593750001 0.7483927937500001 0.39572711808070177 0.9110745503638544 0.7647626868307019 1.1062020222388547
1 0.3163209187500001 0.6968254171875 0.2636007562500001 0.6968254171875 0.2636007562500001 0.9982377171874999 0.3163209187500001 0.9982377171874999
1 0.31762743140179556 0.4443052296214769 0.2629229968750001 0.44403583593749996 0.2614957451607046 0.7338607375660231 0.3162001796875001 0.73413013125
1 0.31628896249999994 0.4455841687500001 0.31344751406250004 0.13471177031249998 0.25695374225246737 0.13522813696468564 0.25979519068996726 0.44610053540218575
1 0.2376796921128273 0.5888645806224637 0.1847830968750001 0.58673541875 0.17948078757467295 0.7184652381275363 0.23237738281250014 0.7205944
1 0.12029596576971968 0.5954777331908483 0.09007624843750006 0.5950158625 0.08875750766778048 0.6812996949341518 0.1189772250000001 0.681761565625
1 0.23562961875000007 0.4967058125 0.18384489218750005 0.4967058125 0.18384489218750008 0.615888178125 0.23562961875000007 0.615888178125
1 0.11897722500000003 0.5497583828125001 0.11834502496208077 0.47661095731904357 0.0866573578125 0.47688482812500005 0.08728955785041925 0.5500322536184565
1 0.23581195156249998 0.50765479375 0.2343532578125 0.39708804218750005 0.18101892665482117 0.39779167555305256 0.18247762040482113 0.5083584271155526
1 0.23469259686916874 0.40207492849124976 0.23052409687499997 0.283982734375 0.1762529716704203 0.2858984341110564 0.18042147166458908 0.40399062822730614
1 0.23071570489407817 0.31069677032852655 0.2293844484375 0.16492859062499998 0.17317904598192482 0.16544189747335153 0.17451030243850296 0.3112100771768781
1 0.22994721536241558 0.214450760191197 0.22737870156249995 0.04338719218749999 0.1691108466376982 0.044262082096627804 0.17167936043761378 0.2153256501003248
0 0.11471899869635019 0.3558796249176599 0.1103616453125 0.26862339531250007 0.08002074817864983 0.27013854226984024 0.0843781015625 0.357394771875
0 0.11784107194495182 0.4156997992082568 0.11364376874999997 0.34165078750000005 0.08100134055504817 0.34350105079174337 0.08519864375 0.41755006250000004
0 0.11833904375 0.4812439031249999 0.116515628125 0.41293456249999994 0.08469059049490821 0.41378408425427204 0.0865140061199082 0.4820934248792721
0 0.1200256859375 0.6166574343749999 0.11824602059193987 0.5345702976343285 0.08829843593749999 0.5352195671875 0.09007810128306011 0.6173067039281712
0 0.23369866459160754 0.6761515416313391 0.17763708404151404 0.6760029513930533 0.17724318663740665 0.8246164222617143 0.2333047671875001 0.8247650125