1 0.666177704152424 0.7616302162878545 0.23198926569049752 0.709758531956213 0.22132454687500003 0.7990268421875 0.6555129853369266 0.8508985265191417
1 1.0052480493075087 0.8044660407825679 0.6206187984375001 0.7556105468750001 0.6094649352410861 0.8434226167654388 0.9940941861110947 0.8922781106730067
1 0.406807434375 0.580010509375 0.2549908559774846 0.5605688375349717 0.2436794781250001 0.6488973875 0.39549605652251557 0.6683390593400284
1 0.17096555000000005 0.5502445734375001 0.09941655938127976 0.4732900978327613 0.0001834968750000776 0.5655527687500002 0.07173248749372037 0.6425072443547388
1 0.29295273125000004 0.5698050453125001 0.10232432669018796 0.5380336453632542 0.08724885781250007 0.6284864609375 0.27787726237231214 0.660257860886746
1 0.5452578320748207 0.5977081747063568 0.4039785244582948 0.5813279646914762 0.394369525 0.6642055828125 0.5356488326165258 0.6805857928273806
1 0.688111835208474 0.6257491634753538 0.5163567062500001 0.5978700703125 0.5036545336939394 0.6761245268930985 0.6754096626524133 0.7040036200559523
1 0.8217496082016582 0.6392477181364538 0.6265882687500002 0.6166203156250001 0.6173484920161284 0.6963133870106305 0.8125098314677868 0.7189407895220842
1 0.9438094515625 0.7374016140625 0.7728459289086571 0.586902323805653 0.723428168205011 0.643039694534387 0.894391690858854 0.7935389847912342
1 0.6521772816798672 0.5078338925250268 0.556017059375 0.49255737343750006 0.5513965567371862 0.5216417845043632 0.6475567790420533 0.5369183035918897
0 0.3581550968750001 0.46126786875 0.2592709424519231 0.4489073494471154 0.25562422045673083 0.47808112540865394 0.3545083748798078 0.4904416447115385
0 0.423162828125 0.47388460625000006 0.34246215631894433 0.46143491432681694 0.3382837375 0.48852001875000006 0.41898440930605574 0.5009697106731832
0 0.8008351710334353 0.529437116002943 0.6891707843749999 0.5164309953124999 0.6856610977165648 0.5465635011845571 0.7973254843750002 0.559569621875
0 0.926498434783884 0.5407091386839672 0.817662265625 0.5357406671875001 0.8162764551700981 0.566097347546664 0.9251126243289821 0.571065819043131
1 0.8747791518296146 0.5426701644600647 0.7572527812499998 0.525058721875 0.7529822523866944 0.5535572253528136 0.8705086229663092 0.5711686679378781