1 0.6127563055416013 0.4084216906050468 0.20861605919161472 0.40793787329830583 0.20825009218750007 0.7136358984375 0.6123903385374867 0.7141197157442409
1 0.6284461408121527 0.98703114921499 0.614454171875 0.6883744515625 0.1822916657651174 0.7086211241093433 0.19628363470227014 1.0072778217618334
1 0.684957645569304 0.3427641032188031 0.2615696765625001 0.1178392437499999 0.14208978915739506 0.34274256028458366 0.5654777581641991 0.5676674197533869
1 0.701245228771342 0.19192924803716513 0.34619292556710557 -0.09091309252342347 0.21819274863398402 0.06976567127332603 0.5732450518382205 0.35260801183391466
1 0.8434850418534324 0.9286489708550825 0.8327252224169 0.6055439869375296 0.7812152071259675 0.6072593379574474 0.7919750265625001 0.9303643218750002
1 0.8324360609375001 0.60288881875 0.8262387481549084 0.31473153414253907 0.7770864116104073 0.31578863878584684 0.7832837243929991 0.6039459233933077
1 0.9234924124999999 0.4601885671875 0.9216249395732443 0.33203316698870744 0.8678022299135228 0.33281746833674464 0.8696697028402784 0.4609728685355373
1 0.9287845312500002 0.5528806687500001 0.9197598878631628 0.4327401103512815 0.8642170703480344 0.43691234100723264 0.8732417137348719 0.5570528994059512
1 0.9334278975997036 0.650262214656741 0.9268085298701603 0.5432146364389723 0.8697471447704569 0.5467430702197312 0.8763665125000001 0.6537906484375
1 0.9393053456728822 0.7691502134187129 0.9321901546874999 0.654175190625 0.8753302902646178 0.657693944393787 0.8824454812500001 0.7726689671875
1 0.9438429689309187 0.8971998305072668 0.9388682765624999 0.7523514609374999 0.8818408279440811 0.7543100194927332 0.8868155203124999 0.8991583890625
1 0.9491361846994402 0.9991535740835881 0.9456955484374999 0.8575959828125 0.885849486177802 0.8590505747569953 0.8892901224397421 1.0006081660280832
0 0.9222941515624999 0.37124352812499994 0.916320254951461 0.22963019615305563 0.8654462161074298 0.23177629528092888 0.8714201127184686 0.3733896272528732
1 0.8277433718750002 0.34169467968750006 0.8266638834076959 0.04806428713871295 0.7790728656250001 0.04823924843750001 0.7801523540923043 0.3418696409862871