1 0.9923195781249998 0.9359292015625001 0.9308906858319441 0.5696598751419878 0.5382135921875 0.6355177484375001 0.5996424844805558 1.0017870748580124
1 0.9364991890625001 0.5744171031249999 0.8429624781250002 0.2697625265624999 0.462319671536788 0.38662955863538295 0.5558563824742879 0.691284135197883
1 0.37492385625 0.7256777546875 0.33700703437500007 0.4319197703124999 0.27839726219946664 0.43948482865956817 0.3163140840744666 0.7332428130345683
0 0.8818725188104747 0.24966903345044883 0.7598945421875001 0.011701131249999941 0.3690052834237826 0.21206378699795936 0.49098326004675724 0.4500316891984083
1 0.3399068632964085 0.4620221793506806 0.3026618625 0.17342105624999998 0.249926024392623 0.18022680361233204 0.2871710251890315 0.46882792671301265
1 0.24689484091591113 0.12970084991336134 0.20719928593749998 0.11095889687500002 0.14663082627158894 0.2392432125866387 0.18632638125000006 0.257985165625
1 0.24769650686021136 0.3335013237076474 0.22693725624999997 0.17157914375 0.17501067071150597 0.17823639727022886 0.19576992132171736 0.34015857722787624
1 0.25706155722276663 0.4108169140168022 0.2383852765625 0.2647577390625 0.18719068340223335 0.2713038844206978 0.2058669640625 0.41736305937500007
1 0.2679778226657812 0.48911643676335165 0.25022805156249994 0.36046220625 0.19884748785878842 0.367550921803771 0.21659725896206966 0.4962051523171227
1 0.2748854335919597 0.5924191797683545 0.2727735834491011 0.460448937488951 0.2222101123571414 0.46125807803309665 0.22432196250000005 0.5932283203125002
1 0.28631819490951704 0.6812285083021477 0.2740616421875 0.5649444187499999 0.21966452540298292 0.5706779729478523 0.23192107812499999 0.6869620625
1 0.297549840625 0.7973774640625001 0.28531227656249997 0.6770252078125001 0.22795846568734074 0.6828570131868449 0.24019602974984075 0.8032092694368449
1 0.30978735468749996 0.9263897281250001 0.2947983755254747 0.7818176782771935 0.23857298442902625 0.7876470292230269 0.25356196359105143 0.9322190790708333
1 0.17556919375 0.8492543749999999 0.17144758122910225 0.7683417339943863 0.139251340625 0.7699817796874999 0.14337295314589774 0.8508944206931135
0 0.1841552046875 0.9321353343749997 0.17580711776978494 0.8331262323280895 0.14392588120293506 0.8358143420917574 0.15227396812065014 0.9348234441386678
0 0.1716216125 0.7719430578124999 0.1660949796875 0.6964453515625 0.13280964063770023 0.698881926871936 0.13833627345020022 0.774379633121936
0 0.1675176138517242 0.7031613876117533 0.16323297031249998 0.625314840625 0.13328896896077574 0.6269629467632468 0.1375736125 0.70480949375
0 0.1643121484809861 0.639287199234461 0.15770633750000002 0.5564786953125 0.1265267562065139 0.5589659570155392 0.1331325671875 0.6417744609375001