1 0.6667450686542747 0.5657460409053064 0.6257337749999999 0.17542105781249998 0.5396753985332252 0.1844631778446934 0.5806866921875 0.5747881609374998
1 0.68779203125 0.9999999999999998 0.6702126828125 0.5361111937499999 0.576342984758198 0.5396684430467854 0.593922333195698 1.0035572492967852
1 0.3824505054870369 0.033688990881300264 0.3643355828125 0.027625834375000036 0.3209314851379631 0.15730447161869981 0.3390464078125 0.16336762812500003
1 0.36837619625946055 0.01443588119922994 0.3531912015625 0.009784106250000035 0.3230041521780395 0.10832502661327015 0.33818914687500007 0.11297680156250005
1 0.3821907070947267 0.09067464223510753 0.36519284375000005 0.08500868750000005 0.32762073509277345 0.1977250077648926 0.34461859843750003 0.20339096250000005
1 0.5265172538977945 0.023114599718342888 0.4836572453125 0.0008687390625000679 0.39039862735220554 0.18054554403165718 0.4332586359374999 0.20279140468749998
1 0.5536847045589747 0.10546439716148956 0.5014449890625 0.07233735625000008 0.3827129907535253 0.2595718825260106 0.43495270624999993 0.2926989234375001
1 0.5696797862857418 0.22210136852226564 0.5094918265624999 0.17620507968750007 0.3828115840267581 0.3423323533527345 0.4429995437499999 0.38822864218750003
1 0.5220604372648715 0.48461236572416755 0.5212366509974171 0.2945337390409636 0.4434463106075456 0.29487087644179594 0.44427009687499996 0.484949503125
1 0.5300780055101908 0.5934166390241874 0.5251619828125 0.4170543171874999 0.4423186991773093 0.4193635375383125 0.44723472187500013 0.595725859375
1 0.5378133175834372 0.7076269923295861 0.5302441953125 0.552749396875 0.44601836522906285 0.5568656514204139 0.4535874875 0.711743246875
1 0.5492622921875 0.8638986328125002 0.538665590625 0.698490765625 0.4496669447077225 0.7041923813116526 0.46026364627022254 0.8696002484991527
1 0.55014535 0.864395353125 0.46116384518830733 0.8313668085697167 0.4108295186258073 0.9669714554447166 0.4998110234375 1
1 0.3647410445784152 0.8851883641563832 0.33187903281250014 0.8843797640625002 0.32905398667158503 0.9991913999061172 0.3619159984375001 1.0000000000000002
0 0.36545728750000006 0.9048411109375001 0.3641905921694176 0.8029512435852354 0.32910123342070735 0.8033874746652744 0.3303679287512898 0.9052773420175392
0 0.3678150765625001 0.7204914875000001 0.333399546497107 0.718911110943071 0.32927341680960703 0.8087649750055711 0.36368894687500014 0.8103453515625002
0 0.36545728750000006 0.63726890625 0.33362713750000006 0.63726890625 0.33362713750000006 0.7271227687499999 0.36545728750000006 0.7271227687499999
0 0.3672256296875001 0.557693528125 0.33362713750000006 0.557693528125 0.33362713750000006 0.655173365625 0.3672256296875001 0.655173365625
0 0.37114501408155476 0.39467912078690026 0.3690050793444427 0.26889100508751024 0.336792227762888 0.26943901711310997 0.3389321625 0.3952271328125
0 0.36799479625965104 0.32484241955470605 0.3675979734375 0.20352000625 0.339124786552849 0.20361313669529388 0.3395216093750001 0.32493554999999996
0 0.3899906971823235 0.15259665578156484 0.364841834375 0.14183101093750003 0.31710214500517653 0.25335232859343526 0.3422510078125 0.2641179734375001