1 0.9844935734375 0.9941077500000002 0.9835454349278544 0.7594505499343334 0.5388525292411086 0.7612473431660339 0.5398006677507542 0.9959045432317009
1 0.5387800171875 0.490471409375 0.49745626769896606 0.3907255840462654 0.08039580676146604 0.5635097777962653 0.12171955625 0.663255603125
1 0.4020332127318236 0.39522749059740125 0.37084856874999994 0.30838691718749994 0.21772098414317642 0.3633753750275987 0.248905628125 0.4502159484375
1 0.533738709375 0.3457894890625 0.5013760228503388 0.2596704828676093 0.36505509941283876 0.3108985625551093 0.3974177859375 0.39701756874999994
1 0.8958756015624999 0.34381918749999996 0.8596844437315253 0.2561460843047802 0.4961488031249999 0.4062123562500001 0.5323399609559744 0.4938854594452199
1 0.9955763171874998 0.1537663109375001 0.7937446213477737 0.10372432566689331 0.7772397756637857 0.17029244793379555 0.979071471503512 0.22033443320440232
1 1.0043907490082078 0.09732073646286016 0.8792411518704253 0.07815063731084862 0.8707961637997175 0.1332826867854886 0.9959457609375001 0.15245278593750014
1 0.9039569046874998 0.20105377187500012 0.8728735626710753 0.1198762871535231 0.6807905477863218 0.19342601670838744 0.7118738898027462 0.27460350142986445
1 0.7857844296875001 0.24743817500000004 0.7547431368751277 0.16626939778364166 0.5841312482388313 0.23151632861166704 0.6151725410512037 0.31268510582802544
0 0.65796054375 0.2953824265625 0.6249992258730696 0.21182553352143688 0.4791548671875 0.26935785781249993 0.5121161850644305 0.35291475085356305
0 0.6457692468750001 0.1121434984375 0.6318201023148945 0.07230797715107232 0.5255702398903191 0.1095133316334473 0.5395193844504248 0.14934885291987499
0 0.5718826124999999 0.1377575453125 0.5594578466146839 0.10209608754365551 0.46202150626551297 0.13604376644695823 0.4744462721508291 0.17170522421580275
1 0.4987348359375 0.16402835468750007 0.48580456235455244 0.12561054018013976 0.3974949902397687 0.15533286931519294 0.41042526382271616 0.19375068382255328
1 0.42138476875 0.18972449843750008 0.4089171175346086 0.1512425895373716 0.32865702343750003 0.1772458437500001 0.3411246746528915 0.21572775265012858
1 0.34274187567000036 0.21661534755850514 0.3299335675739009 0.17728479993241808 0.2471341481539005 0.2042490945614129 0.25994245625 0.24357964218749997
1 0.27218079620293356 0.24064175615733657 0.26031187031249997 0.2002328125 0.16310387254706638 0.2287847719676634 0.17497279843749997 0.269193715625
0 0.28413334125404843 0.4369740097263143 0.2525999484375 0.3497301062500001 0.06105579468345159 0.41896172933618586 0.0925891875 0.5062056328125
1 0.20042550419375074 0.26124677504674765 0.1882607506322534 0.22344100626780974 0.07563322612600265 0.2596811390335621 0.08779797968750001 0.29748690781250003
1 0.12633560256860624 0.2865787042242608 0.11471085156250001 0.24769390156250007 -0.010920594756106206 0.2852518723382393 0.000704156250000021 0.324136675