1 0.6000833596819005 0.09305901311838494 0.20093774375 0.07144715781250002 0.1818441450055996 0.4240835290691152 0.5809897609375001 0.4456953843750001
1 0.5845994760694793 0.42845109825485295 0.18546249062500003 0.40543664531250007 0.16645842077938508 0.7350220223081952 0.5655954062238644 0.7580364752505482
1 0.6554496657918807 0.7965918486106959 0.5220046237405762 0.5497551904936687 0.15049647513619546 0.750600238757973 0.2839415171875 0.9974368968750001
1 0.8084960765625002 0.5227037000000002 0.7507699162158356 0.5208860987156245 0.7411735146237185 0.8256632915023415 0.7988996749703832 0.8274808927867172
1 0.884359728125 0.6684863921875002 0.8272742031250001 0.6684863921875002 0.8272742031250001 0.81215630625 0.884359728125 0.81215630625
1 0.8881153531250001 0.5742558593750001 0.8340880403435991 0.571241239947702 0.8270498006305242 0.6973789457441478 0.8810771134119253 0.7003935651714459
1 0.8912689038091888 0.47582905145169485 0.8369888415546016 0.4736849104080646 0.8325320859375003 0.5865100312500002 0.8868121481920873 0.5886541722936305
1 0.8979225845816512 0.3655543434978387 0.8443519593511125 0.3620192529444973 0.8367980982069614 0.4764901719466586 0.8903687234375001 0.48002526250000005
1 0.8230283485549501 0.2232397873007228 0.7634501656062789 0.2204816968719669 0.7493540484375 0.52497535625 0.8089322313861713 0.527733446678756
1 0.8965745843750004 0.38553104218749995 0.8883516460416138 0.2438609698474258 0.8380913418393945 0.2467782224135148 0.8463142801727811 0.38844829475358894
1 0.9206426757417357 0.14421919749206807 0.8567649609375 0.12988313437500013 0.8259367320707641 0.26724558844543217 0.8898144468749999 0.28158165156250015
1 0.9175339882647146 0.014488507359049291 0.8612080890874351 0.01238137301337951 0.8545200445727208 0.19115977971683035 0.9108459437500003 0.19326691406250013
1 0.9860518531250003 0.5548085437500002 0.9539265282409202 0.5540666801698003 0.9522188859375001 0.6280136500000002 0.9843442108215802 0.6287555135802001
1 0.9799792625 0.6732092312500001 0.9512897214331586 0.671900505882286 0.9468797761029547 0.7685741937121479 0.9755693171697961 0.7698829190798618
0 0.9836209140625 0.6140569640625001 0.9541000870018099 0.6122244240884629 0.9487256419565592 0.6988026515628081 0.9782464690172492 0.7006351915368453