1 0.38828350275766244 0.933060621759112 0.24204054752600532 0.5320347620044831 0.010771751562500053 0.616372046875 0.15701470679415713 1.017397906629629
1 0.6208570000000001 0.8257576015625002 0.45969649787169253 0.46314628153036336 0.1566661666216925 0.5978263580928634 0.3178266687500001 0.9604376781250001
1 0.459796371875 0.34186243281249995 0.4500264044303684 0.2809527782811577 0.13917158099286836 0.33081419234365766 0.1489415484375 0.3917238468749999
1 0.7017022046875001 0.30457021875 0.6936561661002834 0.253407932726614 0.42117322187500006 0.29625997187499997 0.4292192604622168 0.347422257898386
1 1.0626224033728175 0.5124336275826846 0.8924221749999998 0.40595510937499996 0.8280224544396819 0.5088946255423153 0.9982226828124998 0.6153731437500001
1 0.20215644375 0.291948278125 0.19514253059883668 0.23397397547775983 0.0631169024738367 0.24994685047775977 0.07013081562499998 0.30792115312499996
1 0.32129769218750004 0.279580403125 0.3146394832213498 0.22310687510044908 0.1903327734375 0.23776259218749995 0.19699098240365015 0.29423612021205087
1 0.4296760203125 0.2688209171875001 0.42457463858153943 0.21900594649121308 0.29340764218749993 0.23243831250000008 0.2985090239184605 0.28225328319628706
1 0.5288200125 0.2563421171875001 0.5223214315852175 0.2060516115613547 0.3933068256148282 0.22272298612099858 0.39980540652961066 0.27301349174714395
1 0.6186741984374999 0.2434751125 0.611478724095014 0.1933703607861637 0.47267231562499995 0.21330415781249998 0.4798677899674858 0.2634089095263363
1 0.7072667406250001 0.23227192343750006 0.563959058261119 0.16752859632079384 0.5447394909138024 0.21007061223566267 0.6880471732776834 0.27481393935236886
0 0.6466198031249999 0.14442124687500005 0.5348756761891743 0.1057316040667707 0.5270119250550331 0.1284438324861634 0.6387560519908587 0.16713347529439274
0 0.3287226125 0.16122599218750003 0.3265326045211135 0.13166094584967974 0.23887526875000004 0.13815409531250003 0.24106527672888656 0.1677191416503203
0 0.25609600312499997 0.165219215625 0.25367546784069644 0.13327508107201483 0.17087362798230624 0.13954930880700134 0.1732941632666097 0.1714934433599865
0 0.1782907484375 0.17021073593750002 0.17608851762685387 0.13666109294089077 0.09497636450185384 0.14198537262839078 0.0971785953125 0.175535015625
1 0.10176823528985993 0.1751859056007257 0.099424784375 0.14270193125 0.008481906897640088 0.14926271002427433 0.010825357812500002 0.18174668437500002
0 0.8553812531249999 0.7296366765625002 0.6124887225726819 0.3925858082550256 0.4103964944528914 0.5382216671372906 0.6532890250052092 0.8752725354447654