1 0.7794910124999999 0.26617925624999994 0.7775272579240255 0.21646167379184397 0.4749588532365256 0.228412578479344 0.47692260781249995 0.2781301609375
1 0.4777736218750002 0.27880258750000003 0.4767789500000002 0.2245746015625 0.17277859977031845 0.23015070019747652 0.17377327164531847 0.2843786861349765
1 0.93488861875 0.81466100625 0.9193838639169185 0.42549165621912877 0.5580355531250001 0.439888003125 0.5735403079580818 0.8290573531558714
1 0.608825253125 0.8262370062500001 0.5934091265757271 0.4408338406685428 0.267834125013227 0.45385684066854265 0.28325025156250005 0.83926000625
1 0.36627187656250004 0.4485700031250001 0.0801758029544222 0.39015872189723 0.0004099279544222068 0.7808487250222298 0.2865060015625001 0.83926000625
1 0.9996739788839714 0.12663169612429673 0.9199355875674359 0.07268705828719839 0.888149584375 0.1196716125000001 0.9678879756915355 0.17361625033709843
1 0.9692026781249998 0.17279115312499999 0.9679633563791716 0.11789307967732181 0.7988447046940654 0.12171092627003074 0.8000840264398936 0.1766089997177089
1 0.8606739578125 0.1764545703125 0.8585847315989206 0.1205491130228699 0.70234566875 0.1263878765625 0.7044348949635795 0.18229333385213012
1 0.7465542453125 0.18016787812499996 0.7440078885784109 0.12573950056450495 0.608518261040919 0.13207819631371853 0.6110646177750081 0.18650657387421357
1 0.6346326046875 0.1845408859375 0.6329775984132471 0.13217541850768144 0.5163110836701764 0.13586265407287104 0.5179660899444294 0.18822812150268958
1 0.524432834375 0.1876019890625 0.5234218555506939 0.13630744480531973 0.41248413992569377 0.13849394793031972 0.41349511874999995 0.1897884921875
1 0.42366890949786234 0.1896783729505574 0.4230706049432329 0.13841113338825725 0.3012211548203706 0.1398331541876999 0.301819459375 0.19110039375000004
1 0.33066741941154754 0.19110595992317211 0.3298389732221679 0.1371663590537657 0.1878394631856203 0.1393472975680936 0.18866790937500003 0.19328689843750002
0 0.23556126288574317 0.1920517374014515 0.23509526274989248 0.13176298429084016 0.07529634205164933 0.13299814532688864 0.07576234218750001 0.1932868984375
0 0.3802876 0.04547927031250004 0.29763777187499996 0.045479270312500035 0.29763777187499996 0.07302921250000004 0.3802876 0.07302921250000004
0 0.508198046875 0.07390381406249999 0.5073991880674502 0.040988342897080525 0.43541142725066573 0.042735486557132184 0.4362102860582155 0.07565095772255166
0 0.5775648656249999 0.07040540781250001 0.5765850370086827 0.03921013350464736 0.5022944874999999 0.041543564062499996 0.5032743161163171 0.07273883837035264
0 0.6481615937499999 0.0642831984375 0.6459271527646359 0.03701872461476258 0.5640358765624999 0.04373006718750001 0.5662703175478639 0.07099454101023743
1 0.44129104375 0.04635387187500005 0.3672505734375 0.04635387187500005 0.3672505734375 0.07390381406250005 0.44129104375 0.07390381406250005
1 0.31844620527357204 0.0716634112710248 0.317808265625 0.045916571875000006 0.22738703066392793 0.048156974666475214 0.2280249703125 0.0739038140625
0 0.712202671875 0.05807445312499998 0.7089311704915463 0.03144145533814881 0.6255222375 0.04168710781249999 0.6287937388834537 0.06832010559935117
0 0.9971970078125001 0.054572665625000114 0.8886189468281218 0.012347863596957298 0.8787703003329298 0.03767295426424675 0.9873483613173081 0.07989775629228957