1 0.9050875546405631 0.5912123825938851 0.5003012421875002 0.5373039265625 0.45796594848443706 0.8551900002186151 0.8627522609375001 0.9090984562500001
1 0.8924613609375 0.26537653437500014 0.5062166589499847 0.25258167812988014 0.4955213823874846 0.5754453218798801 0.8817660843749999 0.588240178125
1 0.8888962687499997 0.2633711703125001 0.7831318734374999 4.4408920985006264e-17 0.4256477225135734 0.14355821486235415 0.5314121178260732 0.4069293851748542
1 0.3410571109375001 0.15406238125000005 0.29418706448361176 0.15325364055696641 0.2889458127724557 0.4570070108207228 0.33581585922634394 0.4578157515137565
1 0.3339981125000001 0.4562543468750001 0.2888987653450714 0.45501065592514267 0.2807358794075714 0.7510173340501426 0.3258352265625001 0.752261025
1 0.24445062146404384 0.6772073510702594 0.19012530631309194 0.6750659242500734 0.1840836723490482 0.828334607554814 0.2384089875000001 0.8304760343750001
1 0.24824044877812304 0.5879250178170696 0.19549536875000006 0.585185696875 0.18869820278437704 0.7160637759329304 0.24144328281250002 0.718803096875
1 0.24848322757931934 0.4957623258656646 0.1960781033207935 0.4949233828207976 0.19423981011647426 0.6097535663301331 0.24664493437500007 0.6105925093750001
1 0.25091295625000004 0.3934060890625001 0.20157257373912724 0.39209689095383926 0.1986549799891272 0.5020536581413391 0.24799536250000004 0.50336285625
1 0.24052643086218312 0.7730396086378295 0.18714145991581393 0.7710867974712781 0.1810798962411309 0.9367947810209483 0.2344648671875001 0.9387475921874998
1 0.2544825783931744 0.9707313054653891 0.18512461718750012 0.8590384187500002 0.1386605325443257 0.887891233597111 0.20801849374999998 0.9995841203125
1 0.25222260468750013 0.28205808125000004 0.19996289397460576 0.28135778307925374 0.19832532363632432 0.40356137538538467 0.25058503434921875 0.40426167355613096
1 0.2530928140625 0.1693028046875 0.20069848679233032 0.16904549626675286 0.20000345894356597 0.31057027211475496 0.25239778621373565 0.31082758053550213
1 0.13612339687500002 0.20792848749999998 0.11154556093750005 0.20792848749999998 0.11154556093750005 0.2966355671875 0.13612339687500002 0.2966355671875
0 0.13652988203274963 0.360920715686872 0.136216003125 0.2775862156250001 0.10850083984225041 0.27769060462562806 0.10881471875000001 0.36102510468750004
1 0.13730464412178622 0.42086877573686826 0.136479478125 0.3476867390624999 0.1074626058782138 0.3480139195756316 0.10828777187500001 0.4211959562499999
0 0.13674295156250008 0.4180243890625001 0.10762551505486302 0.4171268716241146 0.10551772442986303 0.4855082278741145 0.13463516093750008 0.4864057453125
0 0.13444776121181382 0.48177033454985957 0.10828777187500009 0.48136680624999995 0.10715780128818635 0.5546206982626404 0.13331779062500007 0.5550242265625001
0 0.13444888365549498 0.5427109969257633 0.10792232841474858 0.5412249151183394 0.10338498538425367 0.6222164728800761 0.12991154062500007 0.6237025546875
0 0.13362228946577887 0.6041025790280627 0.10829493906250005 0.6015296421874999 0.09992178709672125 0.6839528678469371 0.12524913750000005 0.6865258046874999