1 0.847182909375 0.7415824906250001 0.7627204028966912 0.35686622677645685 0.4483263263341913 0.42588985333895685 0.5327888328125 0.8106061171875002
1 0.5351847627578771 0.81847823488633 0.4742478340528743 0.41660055567609805 0.1375715728574972 0.4676509582897679 0.19850850156249997 0.8695286374999999
1 0.2752130828125001 0.4469697468750001 0.03380232260480912 0.4033218008861562 -0.04290225864519093 0.8275642446361562 0.19850850156250008 0.8712121906249999
1 0.9648259359375 0.18436399687500005 0.9595935167326335 0.1397794708032822 0.6498526052477834 0.17613051984615366 0.65508502445265 0.2207150459178715
1 0.6818218859374999 0.21634706406249998 0.6758260597420909 0.17144858106527408 0.3810589347420909 0.21081232637777408 0.38705476093749996 0.255710809375
1 0.39040402502576793 0.25495357345801145 0.3855087147441262 0.2081421426070696 0.0650772881558583 0.2416512925865581 0.0699725984375 0.2884627234375
1 0.2347584193217286 0.18264598942049184 0.2289490478187103 0.12546002439224047 0.07331137068448168 0.14127084590924865 0.07912074218750001 0.19845681093750003
1 0.33467483712446566 0.1714120114082797 0.3279713472460447 0.11437991970103471 0.1934683116840791 0.13018925985525504 0.20017180156249997 0.18722135156250003
1 0.4330371765625 0.16388621718750002 0.427946057940337 0.10804293667026907 0.31418716887783704 0.11841410385776904 0.3192782875 0.174257384375
1 0.5438790828124999 0.152650759375 0.5389805798968357 0.1002979825730014 0.4228279828125 0.11116605625 0.4277264857281642 0.1635188330519986
1 0.6505887593749999 0.14206352031250002 0.6466298686804267 0.09262692984310053 0.5149532375 0.10317161718750004 0.5189121281945732 0.15260820765689953
1 0.7590000109374999 0.12477824218749997 0.7498338789680029 0.07027239870026776 0.6148872217717483 0.09296609151493065 0.6240533537412453 0.14747193500216288
1 0.8640081156249998 0.11354282031250004 0.858353860183341 0.06020793201339901 0.6989147026866545 0.07711074652448374 0.7045689581283132 0.1304456348235848
1 0.3460983830360273 0.04734176101423492 0.34322111718750004 0.022903010937499996 0.2645046325889727 0.03217059836076508 0.2673818984375 0.056609348437500005
1 0.21303602834178786 0.0588702507201011 0.2103606168894147 0.0333286242326617 0.11643107448512688 0.04316747195006061 0.11910648593750002 0.06870909843750002
0 0.4122543703125 0.04278112656250001 0.4097497435749764 0.016541189615423214 0.33731346701247633 0.023455300552923202 0.33981809374999994 0.049695237499999996
0 0.4827459093749999 0.0367312703125 0.4802871871274722 0.012009561951057185 0.4066027765625 0.019337918750000006 0.4090614988100277 0.044059627111442824
0 0.5516574578125 0.028844831250000015 0.5482223872668024 0.004225339312856946 0.47010597812500005 0.015124645312499995 0.4735410486706977 0.03974413724964306
0 1.0002456273385374 0.719189136480472 0.9266570741272593 0.34355582290756603 0.66834645 0.39416024062500005 0.7419350032112779 0.769793554197906