1 0.8209705531250002 0.19757820156250006 0.7627467114521995 -0.0378483200727298 0.37952551926469946 0.056926940864770105 0.43774936093749994 0.29235346249999994
1 0.8209705531250002 0.20070261406250006 0.4593334349024145 0.1436929061797608 0.40383890349586526 0.4957186077717782 0.7654760217184509 0.5527283156545175
1 0.7672825437500002 0.5402272187500001 0.4055822978511402 0.4771535504150954 0.34819179628864017 0.8062632894775954 0.7098920421875002 0.8693369578125001
1 0.2905954593750001 0.10118781875000002 0.23942740519769953 0.09463102752170341 0.19835409122364692 0.4151599999245022 0.24952214540094744 0.4217167911527988
1 0.25461662812500013 0.41347009999999995 0.2064504674409732 0.4070114582127681 0.16635979556597316 0.7059928550877681 0.21452595625000007 0.712451496875
1 0.20954096875000006 0.11638475781250002 0.15980721685899535 0.11115516345191065 0.14379356540387098 0.26344593658339066 0.19352731729487568 0.26867553094398
1 0.19648121406250005 0.2346045046875001 0.14606553124989521 0.23069678074195998 0.13597995312500005 0.3608163375000001 0.1863956359376049 0.3647240614455402
1 0.18579596718750005 0.35048660624999994 0.13928681587821992 0.3455801942906393 0.1274143127532199 0.4581227302281394 0.17392346406250003 0.4630291421875
1 0.09546481562500003 0.16332357812500004 0.06778658661886569 0.16102854394881821 0.05981323125000003 0.25718761562500003 0.08749146025613438 0.25948264980118185
1 0.08334329218750004 0.30452077968749997 0.05499562625243311 0.300245868126917 0.04341350625000005 0.37704887656249997 0.07176117218506699 0.381323788123083
0 0.07379198906250005 0.37676117656249997 0.04358806459334411 0.37368441908132377 0.036457748968344104 0.44368132845632385 0.06666167343750004 0.44675808593750005
0 0.06778479925928486 0.44673489949609635 0.03778389531250006 0.44294736406250007 0.028817438240715264 0.5139702817539038 0.058818342187500074 0.5177578171875001
0 0.06037345458505119 0.5049424979989822 0.03173920156250004 0.5012966109375 0.02127119385244889 0.5835107816885178 0.04990544687500004 0.5871566687499999
1 0.17381473898134508 0.4618114083632817 0.12691285625000007 0.4559876921875 0.11316694226865502 0.5666917900742183 0.16006882500000005 0.57251550625
1 0.16294975300939682 0.5547117756238433 0.11532478593750009 0.5486323171875 0.09871669855310336 0.6787359478136568 0.14634166562500012 0.68481540625
1 0.14829007802025793 0.6539529533578191 0.10066003370601129 0.6472528103523716 0.08088582912325348 0.7878238757445524 0.12851587343750015 0.79452401875
0 0.743245947550187 0.781935461282204 0.24598920970434007 0.6319869590510028 0.14108723750000007 0.979861140625 0.638343975345847 1.1298096428562014
1 0.1376272198244722 0.7420381856501833 0.08955334062500006 0.734474409375 0.06429646767552799 0.8950021424748169 0.11237034687500014 0.90256591875
1 0.12323480408094703 0.9965626589334271 0.10326990876844702 0.8181516870584271 0.07671876250000001 0.8211228656249998 0.09668365781249999 0.9995338374999998
1 0.22151731033009484 0.6842078217435594 0.1749846968750001 0.6771003281250001 0.1271893209199054 0.9900156641939407 0.17372193437500014 0.9971231578124999