1 0.9036798656249999 0.732691428125 0.9002081937633791 0.6491630020800951 0.49186195625 0.6661349984374999 0.4953336281116207 0.7496634244824046
1 0.527103153125 0.7606449109375 0.5204525905558646 0.6540973515035888 0.06347139055586457 0.6826215343160889 0.070121953125 0.7891690937499999
1 1.0000000000000004 0.6015332421875003 0.7987842972320917 0.4959875404024949 0.7719064287353448 0.5472283688494256 0.9731221315032533 0.6527740706344309
1 0.9049308078125001 0.6137347265625002 0.7127972162304735 0.4875864094847252 0.6740029282317112 0.5466730945768001 0.8661365198137378 0.6728214116545752
1 0.7774942044442479 0.5398484310935681 0.5820108640624999 0.533814996875 0.5795346662853879 0.6140438342800778 0.7750180066671357 0.6200772684986459
1 0.6492715546874999 0.6161750234375002 0.6485360088790004 0.5338399605749853 0.4725331299435925 0.5354122941031803 0.4732686757520919 0.617747356965695
1 0.5144070078124999 0.6186153218750001 0.5122219717417317 0.5329892119327676 0.36032512187500004 0.5368653671875 0.3625101579457683 0.6224914771297325
1 0.37130645937499995 0.6228858421875 0.3706089376809787 0.5340170957596897 0.21515438455597868 0.5352372426346899 0.21585190624999995 0.6241059890625
1 0.24267161019242098 0.6221334645520048 0.24012885914750676 0.5338125873226381 0.044471098955085775 0.5394455587081334 0.04701385000000001 0.6277664359374999
1 0.9993016734375002 0.4691471218750002 0.8862537522355751 0.431102647112218 0.8806276872122739 0.44782031661342137 0.993675608414199 0.48586479137620353
1 0.20143890156250005 0.41607066093749995 0.0960042372889119 0.41201353035737104 0.09461269571795922 0.4481762112123408 0.20004735999154738 0.4522333417924697
0 0.2765924265625001 0.4172908078125001 0.17933270219334063 0.41573309664584057 0.17877405300820443 0.4506138029849519 0.2760337773773639 0.4521715141516115
0 0.3561263340017434 0.4254755523727659 0.2725271549614193 0.4162311987618995 0.2686995906250001 0.4508448937500001 0.35229876966532414 0.4600892473608664
0 0.43273331406249993 0.4514549687499999 0.43202168569601546 0.4202322573114695 0.3469416171875 0.422171403125 0.3476532455539844 0.4533941145635304
0 0.5102890062500001 0.45633556250000007 0.5091844181173151 0.4213080337801497 0.41586828074967813 0.4242507448902795 0.4169728688823631 0.45927827361012985
0 0.80514286875 0.4658787734375001 0.8047283379034453 0.4306244264940962 0.6760194553821615 0.43213782290209907 0.676433986228716 0.46739216984550297
0 0.8723299625 0.46670682500000005 0.7577796861241464 0.4152707332411964 0.7466065998610782 0.44015365252299904 0.8611568762369318 0.4915897442818027
0 0.940620153125 0.46731690000000004 0.8139099213068329 0.4153332147247948 0.8043663356759636 0.43859570450908053 0.9310765674941306 0.4905793897842858