1 0.9603500390624997 0.8594098421875002 0.7200165041835189 0.40525928558504987 0.47483354526478794 0.5350085203979631 0.7151670801437687 0.9891590770004134
1 0.9988054735812316 0.48334317765513984 0.76043165625 0.48212794687500005 0.758502351030913 0.8605711671972592 0.9968761683621447 0.8617863979773992
1 0.6527833203124999 0.8725327234375 0.6392500350372461 0.47211538195757985 0.31568982253724626 0.48305105383257985 0.32922310781249997 0.8834683953125
1 0.3745630703125 0.47953072812500014 0.04841826691978166 0.44234359854384736 0.0022832434822816937 0.8469647219813471 0.32842804687500005 0.8841518515624998
1 0.4596405231926589 0.255837155261072 0.1484810158363697 0.24541661043524918 0.14656518281250003 0.30262375937499997 0.4577246901687892 0.3130443042008228
1 0.4157159046875001 0.17207124843750005 0.29757341187014796 0.1682663356968749 0.29582763252036337 0.22247276258558263 0.41397012533771554 0.22627767532620777
1 0.32144484375000004 0.16964235625000001 0.1811714094367774 0.15975372175475497 0.17696419062500005 0.21943446250000007 0.31723762493822266 0.2293230969952451
1 0.22765710781250004 0.16417736562500002 0.059946536720021315 0.1555435541457761 0.05687622500000004 0.21518392656250004 0.22458679609247878 0.22381773804172397
1 0.7472396076021439 0.2591878437881535 0.4570021390625 0.25427376875 0.45600546203384 0.3131399878255985 0.7462429305734839 0.318054062863752
1 0.5205507470442547 0.1777099780737602 0.41062234790220636 0.17331127503991992 0.408500378125 0.22634162031250007 0.5184287772670484 0.23074032334634037
1 0.6283387733010845 0.17874639925437735 0.5082364203124999 0.17594227343750005 0.5069663717355066 0.23033919870691277 0.6270687247240911 0.23314332452379008
1 0.7329840749999998 0.23059214374999998 0.7323804694576009 0.17745648885943274 0.5984087296875 0.17897836875 0.599012335229899 0.23211402364056727
1 0.9994529516313978 0.26019673566499846 0.7068972875 0.25875203281250014 0.7066194168544541 0.3150214802699728 0.999175080985852 0.31646618312247105
0 0.8387401421874999 0.1761699890625001 0.68913610625 0.1761699890625001 0.68913610625 0.23081985781250008 0.8387401421874999 0.23081985781250008
1 0.6948856387311015 0.08728172436957664 0.6040983234374999 0.08457847656250006 0.6032320059029497 0.11367334642522461 0.6940193211965513 0.1163765942323012
0 0.6296830755234969 0.08459991204715031 0.5474637890625 0.08287197656250007 0.5468366166640031 0.11271433326534985 0.629055903125 0.1144422687500001
1 0.5631632048599383 0.08421281214720269 0.4881295531250001 0.07935231718750008 0.4861406291550373 0.11005623309045827 0.5611742808899755 0.11491672805016089
0 0.49435138552345775 0.0801815917540122 0.4256893209353117 0.07750361973775666 0.4245069932243539 0.10781799985874452 0.4931690578125 0.11049597187500004
0 0.4293952390625 0.07759248750000003 0.3544973127684777 0.07502935773228661 0.3534684521391866 0.10509397972300594 0.4283663784332089 0.10765710949071935
0 0.368681115625 0.07524604843750003 0.28345305398426907 0.06983743921465693 0.2815395390625 0.09999032343750004 0.366767600703231 0.10539893266034314