1 1 0.8099046109374999 0.9729173867088236 0.7656889245962264 0.8505774221656097 0.8406235512852005 0.8776600354567862 0.8848392376264741
1 0.927399053125 0.7885802171875 0.7656341412914061 0.781523001085603 0.763139653168116 0.8387014473040038 0.92490456500171 0.8457586634059009
1 0.8244949453124999 0.7807239187499999 0.6721084364412496 0.7731140649178243 0.6691063912281882 0.8332296991443083 0.8214929000994386 0.8408395529764838
1 0.7114899421875001 0.7728675265625002 0.580926971341791 0.7646269044995492 0.5772338300026965 0.8231403882270882 0.7077968008484055 0.8313810102900394
1 0.6029040546875001 0.7685184890625001 0.4915994143048703 0.7638898416126569 0.489464620603825 0.8152250205738444 0.6007692609864548 0.8198536680236875
1 0.49494950000000004 0.7651515234375001 0.38545901718750003 0.7586268031250001 0.3822954235485291 0.8117146564525812 0.49178590636102915 0.8182393767650812
1 0.39735124994837484 0.7586184289999255 0.2727118328125001 0.7528817343750001 0.2701409414268878 0.8087387086036951 0.3947803585627626 0.8144754032286207
1 0.30167751432184586 0.7535153985441083 0.15960551093750008 0.7503283671874998 0.1582880013031543 0.8090605264558913 0.3003600046875 0.8122475578124998
0 0.20716597766056416 0.7536317561359734 0.04730714531250009 0.7472962296875 0.04507123067049275 0.8037131205028414 0.20493006301855682 0.8100486469513148
1 0.28760793648532 0.8727195289266005 0.19775645625000016 0.8685812703125 0.1964714314263655 0.8964822289788552 0.28632291166168533 0.9006204875929557
0 0.3511158885266679 0.8752783824656122 0.26921093906250004 0.87304966875 0.26845519897333225 0.9008230222218879 0.3503601484375001 0.9030517359375001
1 0.4123927962281928 0.8781890240406479 0.3403062515625001 0.8775180406249999 0.3400332365843074 0.9068491775218522 0.4121197812500001 0.9075201609375002
0 0.47872679375000005 0.8784755828125 0.40978586250000015 0.8765605515624999 0.4089015832149926 0.9083945163573304 0.47784251446499243 0.9103095476073305
0 0.5476336703125001 0.8814566906250001 0.4761870889506068 0.8748518206426354 0.4728354203125001 0.911107684375 0.5442820016743933 0.9177125543573647
0 0.6170770171875001 0.8849735812500003 0.5360144213648521 0.8803620263862151 0.5342617275556136 0.9111711382922454 0.6153243233782615 0.9157826931560307
0 0.9567899765625004 0.9058929750000002 0.84776221580703 0.8913332073870986 0.8430271231027937 0.9267909542576576 0.9520548838582641 0.9413507218705593
1 0.4518250762712951 0.6732231098433263 0.14250411875000007 0.6564959671875 0.13952756240914005 0.7115389160291062 0.44884851993043506 0.7282660586849325
1 0.7458447750000003 0.6928731109375001 0.45119000468750015 0.6648107734375002 0.4457724143921339 0.7216955152779969 0.740427184704634 0.749757852777997
1 0.9986251281250003 0.7337974046875001 0.7234148444317977 0.68567316870579 0.7139092140625003 0.7400334546875003 0.9891194977557027 0.7881576906692104
1 0.34179262499999996 0.5038021046875001 0.25536838593750005 0.09408706250000001 -0.01639931585785333 0.1514130437576742 0.07002492320464661 0.5611280859451742
1 0.5862920828125 0.12860522343750008 0.26296614218750003 0.10759405937500004 0.23744876533441822 0.5002629209746468 0.5607747059594181 0.5212740850371469
1 0.9045527828124997 0.17062723437500005 0.5905130359374999 0.12410284843750004 0.5319339989585492 0.5195115265824197 0.8459737458335491 0.5660359125199197