1 0.90909845625 0.8627522609374999 0.8863877388548194 0.47934920958109634 0.5372877411841476 0.5000280001168212 0.5599984585793283 0.883431051473225
1 0.5882401781250001 0.8817660843750001 0.5754453218798802 0.4955213823874846 0.25258167812988014 0.5062166589499846 0.265376534375 0.8924613609375
1 0.3442541953125002 0.5062430625000001 0.07074719443214986 0.44843073209598583 -0.010135830567850213 0.8310839383459859 0.2633711703125001 0.8888962687500002
1 0.45781575151375636 0.33581585922634394 0.45700701082072276 0.2889458127724557 0.1532536405569664 0.29418706448361176 0.15406238125000002 0.3410571109375
1 0.7522610249999999 0.3258352265625 0.7510173340501426 0.2807358794075713 0.4550106559251428 0.2888987653450713 0.4562543468750001 0.3339981125
1 0.830476034375 0.23840898750000003 0.828334607554814 0.1840836723490481 0.6750659242500733 0.1901253063130918 0.6772073510702594 0.2444506214640437
1 0.718803096875 0.24144328281249994 0.7160637759329305 0.188698202784377 0.5851856968750001 0.19549536874999998 0.5879250178170696 0.24824044877812296
1 0.610592509375 0.24664493437499999 0.609753566330133 0.19423981011647418 0.4949233828207976 0.1960781033207934 0.4957623258656646 0.24848322757931923
1 0.5033628562499999 0.24799536249999998 0.5020536581413391 0.19865497998912715 0.39209689095383926 0.20157257373912718 0.3934060890625001 0.25091295625
1 0.9387475921874998 0.23446486718749998 0.9367947810209483 0.1810798962411308 0.7710867974712781 0.18714145991581382 0.7730396086378295 0.240526430862183
1 0.9995841203125002 0.20801849375000017 0.880976771203722 0.14429266657117745 0.8562882626247055 0.19024324400016038 0.9748956117334837 0.2539690711789831
1 0.40426167355613074 0.25058503434921864 0.40356137538538456 0.19832532363632432 0.28135778307925374 0.1999628939746057 0.28205808125 0.2522226046875
1 0.31082758053550213 0.2523977862137356 0.31057027211475496 0.20000345894356591 0.16904549626675286 0.20069848679233032 0.16930280468749997 0.2530928140625
1 0.2966355671875 0.11154556093750005 0.20792848749999998 0.11154556093750005 0.20792848749999998 0.13612339687500002 0.2966355671875 0.13612339687500002
0 0.3611291110396836 0.13642828929737122 0.36102510468750004 0.10881471875 0.27748419399875746 0.10912937510217013 0.277588200350941 0.13674294564954137
1 0.42152227012771853 0.13722778425986587 0.4211959562499999 0.10828777187500001 0.34737824772929055 0.10912010540656047 0.34770456160700924 0.13806011779142635
0 0.48640574531249997 0.1346351609375 0.4855082278741144 0.10551772442986299 0.4171268716241145 0.10762551505486298 0.41802438906250006 0.1367429515625
0 0.5550242265625001 0.13331779062500002 0.5546206982626404 0.1071578012881863 0.48136680624999995 0.10828777187500002 0.48177033454985957 0.13444776121181373
0 0.6237025546875 0.129911540625 0.6222164728800761 0.10338498538425363 0.5412249151183394 0.1079223284147485 0.5427109969257633 0.13444888365549487
0 0.6865258046875 0.12524913750000002 0.6839528678469373 0.09992178709672124 0.6015296421875 0.10829493906250005 0.6041025790280627 0.1336222894657788