1 0.8245789421874997 0.625733775 0.8155368221553063 0.5396753985332253 0.42521183906249993 0.5806866921875 0.43425395909469333 0.6667450686542749
1 0.46388880625000006 0.6702126828124999 0.46033155695321454 0.5763429847581979 -0.003557249296785525 0.593922333195698 5.551115123125783e-18 0.68779203125
1 0.9723741656249999 0.3643355828125 0.8413281152884975 0.32384778750920123 0.836065121761284 0.3408824150931763 0.9671111720977864 0.38137021039647506
1 0.99021589375 0.35319120156250017 0.8908485201256008 0.3248005217413461 0.8865581754972857 0.33981672707157495 0.9859255491216847 0.36820740689272896
1 0.9149913124999998 0.36519284375000005 0.8015047718022913 0.32918753992386784 0.7963231551333391 0.3455196823721198 0.9098096958310474 0.38152498619825204
1 0.9991312609375 0.4836572453125001 0.8118107883708584 0.4004037016675002 0.7936169904799395 0.4413397467833837 0.9809374630465812 0.5245932904283837
1 0.92766264375 0.5014449890625003 0.7267767036541384 0.39736322402191926 0.7018255154023513 0.4455209671819702 0.9027114554982129 0.5496027322225512
1 0.8237949203125001 0.5094918265625 0.64265982837743 0.39439037455323145 0.6063709651672424 0.451498138695661 0.7875060571023127 0.5665995907049296
1 0.7057495087104896 0.4450965718443768 0.515050496875 0.44427009687499996 0.5147158562680503 0.5214843325504908 0.7054148681035398 0.5223108075198676
1 0.5829456828125 0.5251619828125 0.5806364624616874 0.44231869917730926 0.404274140625 0.447234721875 0.40658336097581255 0.5300780055101908
1 0.4472506031249999 0.5302441953125 0.4431343485795861 0.4460183652290629 0.28825675312499993 0.4535874875 0.2923730076704138 0.5378133175834371
1 0.301509234375 0.538665590625 0.29580761868834743 0.4496669447077225 0.1303997515008474 0.46026364627022254 0.13610136718750002 0.5492622921875
1 0.16093738281250003 0.4583072812500001 0.022018564680275056 0.4199877283195793 -0.003314171257224929 0.5118257970695792 0.13560464687500004 0.55014535
1 0.11640478099090992 0.36376343274156886 0.11562023593750001 0.33187903281250003 -0.0006686799434052996 0.33474042879058735 0.00011586511000460515 0.3666248287196562
0 0.19704875641476494 0.36419059216941757 0.19661252533472579 0.3291012334207073 0.09472265798246085 0.3303679287512898 0.0951588890625 0.36545728750000006
0 0.28003989449631933 0.33314238017393466 0.19014390916788854 0.3317646647632387 0.18961252717156926 0.3664373611518041 0.2795085125000001 0.36781507656250007
0 0.36273109375 0.33362713750000006 0.27287723124999996 0.3336271375 0.27287723125 0.36545728750000006 0.36273109375000007 0.36545728750000006
0 0.442306471875 0.33362713750000006 0.344826634375 0.3336271375 0.34482663437500005 0.36722562968750005 0.442306471875 0.3672256296875001
0 0.7315634731580558 0.3410891518192795 0.6047728671875 0.3389321625000001 0.6042582395075938 0.3691826393110404 0.7310488454781496 0.37133962863031983
0 0.7964799937499999 0.3675979734375 0.6826408058206463 0.32100895810157526 0.6730424086650462 0.34446242089185597 0.7868815965943997 0.3910514362277807
0 0.8581689890624998 0.36484183437500006 0.7420517915468754 0.32449470547298265 0.7343873118089321 0.34655272872778614 0.8505045093245567 0.38689985762980356