1 0.46178640781250013 0.6355177484375 0.06209773566858636 0.5752199258993597 0.0076804218750001095 0.9359292015625 0.4073690940189139 0.9962270241006405
1 0.5196009580580431 0.34145968639554947 0.12499931969313334 0.2634269508442769 0.06350081093750007 0.574417103125 0.45810244930240984 0.6524498386762726
1 0.7117812006360202 0.4365026776940525 0.6527604953409398 0.43095858646180857 0.6250761437500001 0.7256777546875 0.6840968490450805 0.7312218459197439
0 0.6223539890560564 0.23378859316003098 0.24010545781249998 0.011701131249999986 0.1071063780237917 0.24061411205831504 0.48935490926734826 0.46270157396834605
1 0.7507295687203758 0.1809387128371956 0.6973381375 0.1734210562500001 0.6568495906546243 0.4609762856003045 0.7102410218750002 0.46849394218750007
1 0.8461792142913567 0.24504497064205344 0.7928007140624999 0.11095889687500002 0.7547435658101617 0.126109116727259 0.8081220660390185 0.2601951904943124
1 0.8434169496234987 0.32158432948593674 0.77306274375 0.1715791437500001 0.7278427637917376 0.19278784906222515 0.7981969696652363 0.3427930347981618
1 0.8117122009230604 0.27076513533247437 0.7608643038637918 0.2646677531395699 0.7432851388782316 0.4112656771820956 0.7941330359375002 0.41736305937500007
1 0.8052300368759294 0.3748664430313518 0.7497719484375001 0.3604622062500001 0.7185915678115709 0.4805105179061484 0.7740496562500001 0.49491475468750024
1 0.7756780375 0.5932283203125002 0.7735455703380137 0.45996971341188964 0.7238657772617303 0.46076471292309157 0.7259982444237166 0.594023319823702
1 0.7781425038169523 0.5694137354489726 0.7237310193951949 0.5647554434443242 0.7136674374532429 0.6823037704953516 0.7680789218750002 0.6869620625
1 0.7667653466175846 0.679572393467358 0.7083519052226337 0.6767153145362096 0.7024501593750001 0.7973774640625 0.760863600769951 0.8002345429936483
1 0.7589007703125001 0.7873851125000002 0.7015907775011505 0.7828424916191612 0.6902126453125 0.9263897281250001 0.7475226381238497 0.930932349005839
1 0.8607486593750002 0.7699817796875001 0.8285727743420134 0.7682160316226855 0.8241264690622409 0.8492376735852669 0.8563023540952276 0.8510034216500815
0 0.8548272718750001 0.8357092125 0.8222905522363169 0.8335812063962422 0.8158447953125 0.932135334375 0.8483815149511832 0.9342633404787579
0 0.8619837238019145 0.771917514759035 0.861926342036225 0.696424052858255 0.8283210057343107 0.6964495959117201 0.8283783875000001 0.7719430578125
0 0.8665540270313559 0.6268928079957461 0.8366193672961714 0.6253070182039379 0.8324917277648158 0.7032237039581919 0.8624263875000002 0.7048094937500001
0 0.8689874103421111 0.557147395631979 0.8385049343180301 0.5563837845580909 0.836384956788419 0.6410108498636119 0.8668674328125 0.6417744609375001