1 0.996264400136023 0.3930826678177916 0.9949373782814577 0.30485230106514905 0.5853274578329346 0.31101300668485743 0.5866544796875 0.3992433734375
1 0.6261058421875001 0.30591151875000006 0.18778421250000005 0.30379861718750006 0.18729890111913597 0.40447650921127287 0.6256205308066359 0.4065894107737729
1 0.9996448390625001 0.45581374062500035 0.9600420604130517 0.3952924607228668 0.7788002597752213 0.5138900667928995 0.8184030384246697 0.5744113466950331
1 0.8955743925943839 0.5190901479370537 0.8913636808791818 0.43698124971935004 0.6738868523472978 0.4481339049072964 0.6780975640625 0.5302428031249999
1 0.7533364114067995 0.5268404060996087 0.7515352546875 0.44300218124999996 0.5647672026557007 0.44701465327539147 0.566568359375 0.530852878125
1 0.6094178624436918 0.5283440968284792 0.608091540625 0.4472727015625001 0.45474233286880816 0.449781482859021 0.4560686546874999 0.530852878125
1 0.4702793875094267 0.5301198484726528 0.465656219379578 0.4448223878924435 0.3191451078125 0.4527633687499999 0.32376827594234864 0.5380608293302092
1 0.3445394500000001 0.45276336875 0.16574955625000004 0.45276336875 0.16574955625000004 0.53878384375 0.3445394500000001 0.53878384375
1 0.22374474218749998 0.53817376875 0.22056420925180661 0.44821013000308474 0.005490668749999997 0.4558137406249999 0.008671201685693389 0.5457773793719152
0 0.6077963204368358 0.6398671794775883 0.6066335145058703 0.6096160549590535 0.5080043268815344 0.6134072067314651 0.5091671328124999 0.6436583312499999
0 0.5276313048542315 0.643802197769187 0.52730586875 0.6107602421875 0.44271227008360936 0.6115934196041592 0.4430377061878409 0.6446353751858462
0 0.45275957139446354 0.6426293182917282 0.44923949830477855 0.6093286270429424 0.36790485937499995 0.6179261624999999 0.37142493246468494 0.6512268537487856
0 0.3754535046875 0.6485441859375001 0.3742188958938616 0.6186666495779901 0.28662265662612685 0.6222863284560708 0.2878572654197653 0.6521638648155808
0 0.2297573171875001 0.6303036609375 0.11502523437500009 0.6303036609375 0.11502523437500009 0.6540814875 0.2297573171875001 0.6540814875
0 0.9204950249999998 0.5977312968750003 0.9086632999035356 0.5699669316092593 0.7784010552205739 0.6254779096123805 0.7902327803170383 0.6532422748781215
0 0.9941492843749998 0.5928454421875001 0.9843152437525375 0.5693963411053229 0.8498337383101976 0.6257949460179447 0.8596677789326599 0.649244047100122
1 0.30395306562499996 0.6507231750000001 0.30325264298811766 0.6240896250829215 0.20693186527224863 0.6266227178671862 0.20763228790913094 0.6532562677842646