1 0.42470602670992336 0.7992244083168596 0.4217675140625 0.6986972171875001 -0.002938512647423344 0.7111118088706407 0 0.8116390000000001
1 0.8209301484375002 0.7961756062500001 0.8186964316304133 0.68653764168723 0.37362371913041315 0.69560536199973 0.37585743593750004 0.8052433265625
1 0.7934510796875 0.63836735 0.7880504205424775 0.5472736008891552 0.6259519734375001 0.5568839031249999 0.6313526325825225 0.6479776522358447
1 0.9543869109375003 0.6277600375000001 0.9487487581083747 0.533409070224272 0.7428790951183544 0.5457112718479846 0.74851724794748 0.6400622391237127
1 0.6402275624999999 0.64654418125 0.6385751372296349 0.5579849998280826 0.494341329417135 0.5606762576405826 0.49599375468749995 0.6492354390624999
1 0.5218060755274369 0.6520650481887345 0.5168289640625 0.5638368 0.35149308384756306 0.5731636893112657 0.35647019531249996 0.6613919375000001
1 0.4138770718349664 0.6593025172573308 0.40946975625000004 0.5710390937500001 0.21545339066503363 0.5807270405551694 0.21986070625000004 0.6689904640625002
1 0.3064075241312009 0.6692605106407137 0.3044255718750001 0.5797847375 0.09074551024379911 0.5845179034217863 0.0927274625 0.6739936765624999
0 0.7843395328125 0.457345725 0.7814542763178622 0.42796568929818746 0.683080846875 0.43762641875 0.6859661033696378 0.4670064544518125
0 0.698847675 0.46351912031250003 0.6953680270294219 0.4345716562074567 0.6129024328124999 0.4444844843750001 0.616382080783078 0.47343194848004344
0 0.617873046875 0.47209114999999996 0.615434150572043 0.4399806014396477 0.536942475572043 0.44594228893964766 0.539381371875 0.47805283749999994
0 0.5484820733321213 0.476392263483986 0.5460927656249999 0.44609622812499994 0.46192155479287866 0.4527344208910139 0.4643108625 0.48303045624999996
1 0.4801298756026874 0.4828251833812628 0.47942787812499993 0.45393031406250006 0.3915277056473126 0.4560658384937374 0.39222970312500005 0.48496070781250006
0 0.4139543604931554 0.4840621401312727 0.41216362247117544 0.46107434184976925 0.31249138385302 0.46883875953099663 0.314282121875 0.4918265578125
0 0.22328068444924742 0.5032377441297327 0.22307202697183248 0.47817931770197486 0.1181374187453346 0.47905309126908974 0.11834607622274954 0.5041115176968475