1 0.8091170078125 0.6570281703125002 0.7274064078664775 0.29636843705834404 0.41703475942897733 0.3666858339333441 0.49874535937499986 0.7273455671875001
1 0.5015416300381134 0.7509130900231392 0.43967588371006877 0.36076091551519207 0.09634839429695546 0.4152017536170528 0.15821414062500003 0.805353928125
1 0.35380582947891115 0.20502467088742785 0.34761692223056045 0.15673334265221123 0.009879716189149304 0.20001697801478335 0.0160686234375 0.24830830625
1 0.648307165625 0.16370768750000006 0.6420919011004959 0.11927059133677138 0.3435863136004958 0.16102154602427135 0.349801578125 0.20545864218750004
1 0.19340174807223498 0.13496577799948123 0.18699269050078743 0.08014984896901028 0.024670381491052478 0.099128511594529 0.031079439062500002 0.15394444062499996
1 0.29415209792366487 0.12402210161989698 0.2889316140625 0.0712564609375 0.1521057817638351 0.08479362338010303 0.157326265625 0.13755926406250002
1 0.3958877531250001 0.11126677343750002 0.3899324536919774 0.05920044571696723 0.2733309724419773 0.07253721759196723 0.279286271875 0.12460354531250002
1 0.5079880765625 0.09793000312500003 0.5017233503127657 0.04507137296162913 0.38688543281250004 0.05868179218750001 0.3931501590622344 0.11154042235087092
1 0.61751630625 0.08421218125000003 0.6108902430427363 0.03213266685478733 0.48012319783132196 0.04877012434762419 0.4867492610385856 0.1008496387428369
1 0.723400740625 0.06744595625000002 0.715638693559818 0.01606752107453848 0.5722903640625 0.03772400937500001 0.580052411127682 0.08910244455046155
1 0.8260700609375 0.05258498281249999 0.8172973932877718 -0.0011351494727969591 0.6633424046875 0.02400618750000001 0.6721150723372282 0.07772631978529695
1 0.9315258140625 0.04229661562500002 0.9267702432093957 -0.006844278375535817 0.7467599427613476 0.010576074987590533 0.7515155136144519 0.059716968988126375
1 0.9296721249999997 0.12497011406250003 0.9232757734421799 0.07772749552062116 0.616178276619006 0.1193065530080076 0.6225746281768257 0.1665491715498865