1 0.3450454076528392 0.9485603629062359 0.33781146093750003 0.5294435921874999 0.2504983227064793 0.5309506151310799 0.25773226942181854 0.9500673858498156
1 0.35212941461507874 0.5604594596611794 0.34179627389798384 0.1112026681862722 0.23226612656249998 0.11372191874999997 0.24259926727959485 0.5629787102249072
1 0.5245039841451675 0.8428026975661114 0.47302904178798116 0.8129182327716789 0.3817660498303136 0.9701155352055675 0.43324099218749995 1
1 0.5253100153681689 0.7433627896166053 0.46702013387292907 0.706673422912025 0.3407869513172602 0.9072251879829197 0.39907683281250017 0.9439145546875001
1 0.4777764140625001 0.6146117093749999 0.39887291600546393 0.6141313234421002 0.3976540983412737 0.8143224002661598 0.47655759639830986 0.8148027861990593
1 0.48082678593750006 0.5030825046875 0.3984477972592778 0.5008224497758841 0.39347414438993744 0.682112068584231 0.47585313306815974 0.6843721234958471
1 0.4780046243893673 0.5445035858436356 0.4771663406249999 0.3936122999999999 0.394747848927232 0.3940701798774733 0.3955861326915993 0.5449614657211089
1 0.4785140288683384 0.25268711658351667 0.39114586718750005 0.2522275859375001 0.39033914185972607 0.40560605912520353 0.4777073035405645 0.40606558977122004
1 0.4777764140625001 0.27659242656249994 0.4750299399782688 0.0886305082375893 0.387485421875 0.089909696875 0.39023189595923125 0.27787161519991066
1 0.477166340625 5.7165909828352e-17 0.3887055703125 5.174924986768637e-17 0.3887055703125 0.15167971875000003 0.477166340625 0.15167971875000003
1 0.6001177782559801 0.13241680564276895 0.5666063979229612 0.13130323964869042 0.5632295196669811 0.23292618088092154 0.5967409000000001 0.23403974687500004
0 0.5965508679556955 0.30465910829021964 0.5637968890625 0.3023299359375001 0.5578571735432922 0.38585716676717985 0.5906111524364877 0.3881863391198994
0 0.5977762699819829 0.2165478822319881 0.5636237874999999 0.21640193125 0.5632280090361197 0.3090139635248065 0.5973804915181027 0.3091599145067946
0 0.5897302453125 0.3801923171875 0.5615010515531057 0.3799103779167793 0.5606666546874999 0.4634544359375 0.5888958484468942 0.46373637520822075
0 0.5897302453125 0.44786655 0.5599907578125001 0.44786655 0.5599907578125001 0.5402532843750001 0.5897302453125 0.5402532843750001
0 0.607198291995867 0.7179868046700648 0.5785965014875 0.7052022579619243 0.5232781969916331 0.8289612454793597 0.5518799875000001 0.8417457921875002
0 0.6043583524775024 0.7874300809449206 0.5775453749303848 0.7757129258518379 0.5250670099528825 0.8958019074069172 0.5518799875000001 0.9075190624999999
0 0.6025551154676843 0.8463852717350211 0.5785687340705659 0.8367137870269357 0.5258659139153817 0.9674227715419146 0.5498522953125 0.97709425625