1 0.42470602670992336 0.2007755916831405 2.2898349882893852e-17 0.18836100000000006 -0.0029385126474232894 0.2888881911293596 0.4217675140625001 0.30130278281250006
1 0.8209301484375 0.20382439375000008 0.37585743593750004 0.19475667343750006 0.37362371913041315 0.3043946380002703 0.8186964316304133 0.31346235831277025
1 0.7934510796875 0.36163265000000006 0.6313526325825223 0.3520223477641554 0.6259519734375 0.44311609687500003 0.7880504205424776 0.45272639911084467
1 0.9543869109375003 0.37223996250000013 0.74851724794748 0.3599377608762874 0.7428790951183544 0.4542887281520156 0.9487487581083747 0.4665909297757283
1 0.6402275625 0.3534558187500001 0.4959937546875001 0.3507645609375001 0.49434132941713516 0.4393237423594173 0.638575137229635 0.44201500017191736
1 0.521806075527437 0.3479349518112658 0.3564701953125 0.33860806250000003 0.35149308384756306 0.42683631068873434 0.5168289640625 0.4361632000000001
1 0.4138770718349665 0.34069748274266953 0.21986070624999998 0.3310095359375 0.21545339066503355 0.41927295944483056 0.40946975625000015 0.42896090625000005
1 0.3064075241312009 0.3307394893592862 0.09272746250000004 0.3260063234375 0.09074551024379918 0.41548209657821367 0.3044255718750001 0.4202152624999999
0 0.7843395328125 0.5426542750000001 0.6859661033696378 0.5329935455481876 0.683080846875 0.56237358125 0.7814542763178622 0.5720343107018127
0 0.6988476750000001 0.5364808796875 0.6163820807830781 0.5265680515199566 0.6129024328125 0.555515515625 0.695368027029422 0.5654283437925435
0 0.617873046875 0.52790885 0.539381371875 0.5219471625 0.536942475572043 0.5540577110603523 0.6154341505720431 0.5600193985603523
0 0.5484820733321214 0.5236077365160141 0.4643108625000001 0.51696954375 0.4619215547928787 0.5472655791089861 0.546092765625 0.5539037718750002
1 0.4801298756026875 0.5171748166187373 0.39222970312500005 0.5150392921875 0.39152770564731265 0.5439341615062628 0.479427878125 0.5460696859375
0 0.41395436049315554 0.5159378598687274 0.3142821218750001 0.5081734421874999 0.31249138385302005 0.5311612404690033 0.41216362247117555 0.5389256581502307
0 0.22328068444924748 0.4967622558702673 0.11834607622274958 0.4958884823031525 0.11813741874533464 0.5209469087309102 0.22307202697183254 0.5218206822980249