1 0.8080101359375 0.663786778125 0.7986357508868236 0.5847536805081855 0.41140406875 0.63068455 0.42077845380067647 0.7097176476168144
1 0.9903716546874998 0.3870513015625 0.8610849760021635 0.3519054085578891 0.8567901840956826 0.367704107460225 0.986076862781019 0.40285000046483593
1 0.940542934375 0.3896242921875001 0.8152811136544237 0.3525096800572295 0.8104252953127655 0.36889806758582716 0.935687116033342 0.40601267971609767
1 0.8859587765624999 0.39293242343750007 0.7797947591653559 0.3592858881163501 0.774396449798955 0.3763190299842882 0.880560467196099 0.40996556530543815
1 0.9948746937499997 0.5166859328125001 0.7841271806354573 0.42950690561796573 0.7671867316724906 0.4704589281958553 0.9779342447870333 0.5576379553903896
1 1.010120562770327 0.4819691764754692 0.8678260494437605 0.4266717161590412 0.8543346757359336 0.46138847249607207 0.9966291890625 0.5166859328125001
1 0.9001319875 0.525500784375 0.7042846603159034 0.42767573248635615 0.6789948012043084 0.4783064371601067 0.8748421283884051 0.5761314890487507
1 0.7967693750000001 0.5343156359375001 0.6176283732681762 0.4300074427397031 0.5833547723455055 0.4888696185095512 0.7624957740773295 0.5931778117073482
1 0.6838714640624999 0.5471988812499999 0.6784306920767667 0.4692755147289023 0.49469118125 0.48210459062499994 0.5001319532357332 0.5600279571460975
1 0.5576241390625 0.5539795359374999 0.5467722079016392 0.46699452911723316 0.38217468281250006 0.48752911406250005 0.3930266139733608 0.5745141208827669
1 0.425655634375 0.5688969781250001 0.41865580023412485 0.4835865009332638 0.26317418281250005 0.4963439671875001 0.2701740169533752 0.5816544443792364
1 0.2799563046875 0.5797460265625001 0.26859840800949736 0.487417317865375 0.09772589550949738 0.508437349115375 0.1090837921875 0.6007660578125
0 0.17295650199267373 0.41257387631665254 0.1715109140274505 0.3714288349358157 0.06453866359727678 0.37518719299416303 0.0659842515625 0.416332234375
0 0.25516453437500003 0.4102296437499999 0.2540757664655315 0.37256508437004604 0.16024844927803147 0.3752773468700461 0.1613372171875 0.41294190624999993
0 0.3394565546875 0.40751738281249994 0.3389271705199809 0.3740172570145026 0.24862373315707362 0.37544427285022625 0.24915311732459272 0.40894439864822363
0 0.4229549000557292 0.3765697015083943 0.3222456417496914 0.3715964063582487 0.3206868235690706 0.4031624843939947 0.4213960818751084 0.4081357795441403
0 0.7059663238670333 0.3760707162284642 0.5828550618935945 0.3735293122482396 0.582274538285361 0.40165116716430826 0.7053858002587998 0.40419257114453294
0 0.7698481609375001 0.3974277687500001 0.6566142250375973 0.3564416761897875 0.6483880070048519 0.3791685815187126 0.7616219429047548 0.42015467407892515
0 0.8323054640625 0.3942483468750001 0.7088190902281639 0.35430666357545115 0.7018698082781968 0.3757915274535727 0.8253561821125329 0.41573321075312164