1 0.3133683359375001 0.3635867921875001 0.041862453076444414 0.3246303953169956 -0.01584034379855561 0.7267889640669956 0.2556655390625001 0.7657453609375
1 0.579466726283629 0.7047907313787513 0.5112461031250001 0.3243717890625 0.17148758309137113 0.3853007686212487 0.23970820625 0.7657197109375
1 0.8915750046875 0.6281250328125001 0.8065893578628633 0.25699415760151995 0.4786937703628634 0.3320793107265199 0.5636794171874999 0.7032101859375001
1 0.41586982275905193 0.17383076006636675 0.4074045970821566 0.12194860655253126 0.0837586883856047 0.17475550586116453 0.0922239140625 0.226637659375
1 0.7183122843749999 0.11766379218750005 0.7090709133284763 0.06834523529126428 0.3996541227034762 0.12632412904126425 0.40889549374999995 0.17564268593750001
1 0.2634765080581115 0.10822682918713786 0.2562779125 0.0496446859375 0.09713832475438848 0.06919981768786215 0.1043369203125 0.12778196093750002
1 0.3611352446453241 0.08959674277905269 0.35273828032992316 0.034615113901308794 0.214357032559599 0.055749125809756106 0.222753996875 0.1107307546875
1 0.45901605312499993 0.07449780312500003 0.45094453514568206 0.019741778304018687 0.33193044295818214 0.037285498616518684 0.3400019609375 0.09204152343750002
1 0.5710040359375 0.05554301250000003 0.5614919502782516 0.0007958212256962693 0.4423534004159449 0.021495624544023074 0.45186548607519333 0.07624281581832684
1 0.68158245 0.03609033281250003 0.6718383061558424 -0.019172773045444635 0.5347925859374999 0.004991507812500029 0.5445367297816575 0.06025461367044469
0 0.1608799970572184 0.12544776276369712 0.15738690936593105 0.05367277881162631 -0.0034930876912873513 0.061502358235429176 1.3877787807814458e-18 0.13327734218749998
1 1.0000000000000002 0.06114026562500004 0.9910172907654591 0.016091830322179333 0.6762330359375001 0.07886016875000004 0.6852157451720411 0.12390860405282074