1 0.594341834375 0.8089225640625 0.5822246733970189 0.40564941826632916 0.24605050308451887 0.41575045420382917 0.2581676640625 0.8190236000000001
1 0.930516084375 0.785353528125 0.9085051665640126 0.3869089467582465 0.5526751671875 0.40656574531249995 0.5746860849984874 0.8050103266792534
1 0.3547585015625001 0.4166667109375002 0.08314541081322077 0.35146256848435287 -0.013445426686779305 0.7538194575468529 0.2581676640625 0.8190236000000002
1 0.4757507351922231 0.23676885537635117 0.473948546875 0.1790196125 0.16568656480777683 0.18863958524864888 0.16748875312499997 0.24638882812500001
1 0.3300649294210365 0.15488439479087454 0.3281559365589829 0.09935319858579636 0.18133468213794646 0.10440046473242182 0.183243675 0.15993166093750003
1 0.42313051361411047 0.15306341175059335 0.42257531562499995 0.09747478906249998 0.29700555513588955 0.0987289319994066 0.297560753125 0.1543175546875
1 0.5233133015625 0.14687885781250004 0.5207846936617326 0.09179482448396001 0.40765736553673265 0.09698788385895998 0.4101859734375001 0.1520719171875
1 0.6347148546875001 0.14084370625 0.6325694008370923 0.0872916757829069 0.515930199511993 0.09196458960911905 0.5180756533624008 0.14551662007621213
1 0.7792777968750001 0.2166340453125001 0.7757376076497564 0.1597763307304978 0.4691728107747563 0.17886428385549774 0.472713 0.23572199843750002
1 0.7513565510289089 0.09503013708770473 0.60957454375 0.08975540312500009 0.6076916782999418 0.14036581207318372 0.7494736855788506 0.14564054603588836
1 0.8661564171875001 0.1262470515625 0.8620564902983823 0.06920681093928602 0.714840042450737 0.07978840502893861 0.7189399693398547 0.13682864565215264
1 0.9852104031250002 0.12119437343750002 0.9825377519914745 0.06481797343246232 0.802360763478652 0.07335967230896055 0.8050334146121777 0.12973607231399825
0 0.3828352902303322 0.03056062193144149 0.3818216703125 0.002052406249999997 0.2955542238321678 0.005119676506058509 0.29656784375 0.03362789218750001
1 0.3214393822994436 0.033404285615411464 0.32036785 0.002683928125000003 0.22569473332555648 0.00598614563458854 0.22676626562500007 0.036706503125
0 0.23058804843749997 0.10221858593750002 0.11798639381370246 0.0534789346490947 0.07102468437500002 0.1619730671875 0.18362633899879754 0.21071271847590536