1 0.21843373298707447 0.9293115869041395 0.21041411131190363 0.47189237867268474 0.11780994551232911 0.47351594489354537 0.1258295671875 0.9309351531250002
1 0.21099230312500006 0.5064677984375 0.1972415249942926 0.11472931587385582 0.11402187500066337 0.11765048648668068 0.12777265313137082 0.5093889690503249
1 0.37723919981436305 0.8987849753778405 0.36795891406250003 0.7232570562499999 0.27685560799813697 0.7280737527471592 0.28613589375 0.9036016718749998
1 0.36936641248938795 0.7314868624017665 0.35766812933619113 0.5825331389436129 0.2710978949718032 0.5893320499793463 0.282796178125 0.7382857734374999
1 0.36044455468750003 0.6081934328124998 0.34926173751717565 0.44674151834516024 0.2657682207856408 0.45252461937308297 0.2769510379559651 0.6139765338404226
1 0.3520952671875 0.500174521875 0.33868339356300914 0.32079072121103763 0.2607023294662778 0.3266210814380902 0.27411420309076867 0.5060048821020525
1 0.34374597812499996 0.39802183593749996 0.3277134386638649 0.2035251019281284 0.2561839043102162 0.20942134531752243 0.27221644377135135 0.40391807932689405
1 0.4686358406250001 0.5691993390625 0.4590604195916022 0.47619806258328506 0.42981843026408517 0.47920882082516447 0.439393851297483 0.5722100973043794
1 0.4438347515625001 0.3759145671875 0.4370852140710711 0.27226696108128257 0.4111596140625001 0.2739552375 0.4179091515539291 0.37760284360621743
0 0.49960429617133106 0.8892732132074341 0.48984626093749994 0.778397534375 0.45599189445366883 0.7813770164800657 0.46574992968749995 0.8922526953124998
0 0.4924875120779423 0.7936926077041078 0.480207728125 0.7048176671875 0.4479624129220577 0.7092729782333922 0.460242196875 0.79814791875
0 0.47863527311004156 0.7108724098339991 0.47727592553487863 0.6281008195877431 0.445140828125 0.6286285703125 0.4465001757001629 0.711400160558756
0 0.47622456093750004 0.6348380546875001 0.46834368231939616 0.5495556832256856 0.438459278125 0.5523172781250001 0.44634015674310384 0.6375996495868146
0 0.45937543437499995 0.5029682203125001 0.4462151604874898 0.40435428853802186 0.42222848643057087 0.4075553697094064 0.43538876031808105 0.5061693014838846
0 0.3345147703125 0.3009035046875 0.2933961566906875 0.092740514496664 0.2381913361307917 0.10364516995238571 0.27930994975260415 0.3118081601432217
0 0.35127918191650614 0.1637800148492094 0.25294990468749995 0.0038288437500000106 0.2092327729484249 0.030703757743360226 0.3075620501774311 0.19065492884256963