1 0.6339806302835395 0.7391214599958082 0.19957891997269184 0.7331832335944061 0.19808864593915249 0.8422019110985979 0.6324903562500002 0.8481401375000001
1 1.004865253759359 0.7649722588501349 0.5871234125 0.7417668546875001 0.5818103528947621 0.8374121313936305 0.9995521941541211 0.8606175355562653
1 0.2623012296875 0.5856225046874999 0.058330649992656206 0.5705554249733502 0.051734090625000076 0.6598563421874999 0.2557046703198439 0.6749234219016496
1 0.37793470937500007 0.5957741390625 0.21873481521915417 0.5827914784251822 0.21162235937500004 0.670007978125 0.37082225353084597 0.6829906387623178
1 0.5121794573508748 0.6048376162823833 0.3684292839062105 0.5965133198504694 0.36365897031250005 0.6788906609375001 0.5074091437571643 0.6872149573694138
1 0.6513311895606619 0.6152774572713702 0.48785789218750003 0.604656821875 0.48248839637683805 0.6873043427286298 0.64596169375 0.6979249781249999
1 0.7880551237446325 0.6323436133292504 0.5945690359375002 0.6116360718750001 0.586260916737148 0.6892650595876637 0.7797470045442804 0.709972601041914
1 0.906493915625 0.715690340625 0.7394286305238822 0.579006404303913 0.6922152633903341 0.6367140973441601 0.859280548491452 0.7733980336652471
0 0.324757584375 0.4764924171875 0.22421390216696432 0.4660801249658655 0.22090158906250007 0.4980646437499999 0.3214452712705358 0.5084769359716345
0 0.391496659375 0.48664405312500014 0.31095786821143445 0.4743933516170925 0.30619912500000007 0.5056783703125001 0.3867379161635657 0.5179290718204077
0 0.46527838071356004 0.4873908769397981 0.38664641546196993 0.4859116175824818 0.38602785349840996 0.5187920875176838 0.4646598187500001 0.5202713468750001
0 0.5436387415236188 0.49614025349164503 0.45894952343750006 0.4879130078125001 0.45595320302818926 0.5187563838943949 0.5406424211143079 0.5269836295735398
0 0.6929158479920062 0.5100882816201217 0.5899294203125002 0.5037749390625 0.587943841070494 0.5361647090048786 0.6909302687500001 0.5424780515625002
0 0.7648656126047182 0.519037531856515 0.65274266875 0.5075818015625001 0.6497148214705634 0.5372168524758674 0.7618377653252816 0.5486725827698823
1 0.8395882948552501 0.5354247792166573 0.7148421296874999 0.5139265749999999 0.7103296288107922 0.5401109564493692 0.8350757939785425 0.5616091606660265
1 0.6150197471916039 0.508487570741293 0.5246179187500001 0.4955267343750001 0.5205451435308881 0.5239343398900983 0.6109469719724918 0.5368951762563913
0 0.8909103031249999 0.5517250140625001 0.7899411860822222 0.506033940142374 0.7790041031860351 0.5302029409625812 0.8799732202288126 0.5758940148827072