1 0.2923534625000001 0.43774936093749994 0.05692694086477027 0.37952551926469935 -0.03784832007272976 0.7627467114521994 0.19757820156250008 0.820970553125
1 0.5426380801885958 0.7782399363809759 0.49635414218750007 0.4078703718750001 0.15441867606140422 0.45060098861902426 0.20070261406249998 0.820970553125
1 0.8693369578124999 0.7098920421875 0.8062632894775954 0.3481917962886401 0.4771535504150954 0.4055822978511401 0.54022721875 0.76728254375
1 0.4217167911527988 0.24952214540094753 0.4151599999245022 0.19835409122364703 0.09463102752170342 0.23942740519769953 0.10118781875000002 0.29059545937500003
1 0.7124514968750001 0.21452595625000007 0.7059928550877681 0.16635979556597316 0.40701145821276813 0.2064504674409732 0.41347010000000006 0.2546166281250001
1 0.26867553094397995 0.1935273172948757 0.2634459365833906 0.14379356540387103 0.11115516345191065 0.15980721685899535 0.11638475781249999 0.20954096875
1 0.36472406144554015 0.18639563593760486 0.3608163375000001 0.13597995312500002 0.23069678074195993 0.1460655312498952 0.23460450468750005 0.19648121406250002
1 0.46302914218749996 0.17392346406249998 0.4581227302281393 0.12741431275321985 0.3455801942906393 0.13928681587821984 0.35048660624999994 0.18579596718749997
1 0.25948264980118185 0.08749146025613434 0.25718761562500003 0.05981323125 0.1610285439488182 0.06778658661886566 0.163323578125 0.095464815625
1 0.38132378812308304 0.07176117218506695 0.3770488765625001 0.04341350625000001 0.300245868126917 0.05499562625243306 0.3045207796875 0.08334329218749999
0 0.44675808593749994 0.06666167343750003 0.4436813284563238 0.03645774896834409 0.37368441908132377 0.04358806459334407 0.37676117656249997 0.07379198906250002
0 0.5177578171875 0.05881834218749998 0.5139702817539037 0.02881743824071522 0.4429473640625 0.0377838953125 0.4467348994960963 0.06778479925928477
0 0.58715666875 0.049905446875 0.5835107816885179 0.021271193852448845 0.5012966109375001 0.0317392015625 0.5049424979989823 0.06037345458505115
1 0.57251550625 0.16006882500000003 0.5666917900742183 0.11316694226865502 0.4559876921875 0.12691285625000004 0.46181140836328166 0.17381473898134506
1 0.6848154062499999 0.14634166562500006 0.6787359478136566 0.09871669855310335 0.5486323171875 0.11532478593750004 0.5547117756238433 0.16294975300939676
1 0.7945240187499999 0.12851587343750004 0.7878238757445524 0.08088582912325341 0.6472528103523716 0.10066003370601115 0.653952953357819 0.1482900780202578
0 1.1298096428562012 0.6383439753458472 0.979861140625 0.14108723750000007 0.6319869590510026 0.24598920970434007 0.7819354612822037 0.7432459475501871
1 0.90256591875 0.112370346875 0.8950021424748169 0.06429646767552795 0.734474409375 0.089553340625 0.7420381856501832 0.13762721982447207
1 0.9995338374999998 0.09668365781250007 0.8226673979863863 0.06739252815354117 0.8174953688435427 0.0986224052598901 0.9943618083571562 0.127913534918849
1 0.9971231578124999 0.173721934375 0.9900156641939406 0.1271893209199053 0.677100328125 0.17498469687499996 0.6842078217435593 0.22151731033009464