1 0.42478007410064034 0.9379022643314137 0.3644822515625 0.5382135921875 0.003772975899359676 0.5926309059810863 0.0640707984375 0.9923195781249999
1 0.7302374734375 0.8429624781250002 0.613370441364617 0.4623196715367879 0.30871586480211705 0.5558563824742878 0.42558289687500006 0.9364991890625001
1 0.5680802296875002 0.33700703437500007 0.5605151713404319 0.2783972621994666 0.2667571869654318 0.31631408407446654 0.27432224531250005 0.37492385625
0 0.98829886875 0.7598945421875001 0.7185607576349071 0.3832127505874096 0.508730387632864 0.5334702064057718 0.7784684987479566 0.9101519980058622
1 0.8265789437500001 0.30266186250000005 0.8197731963876679 0.249926024392623 0.5311720732869872 0.2871710251890315 0.5379778206493193 0.3399068632964085
1 0.8890411031250001 0.2071992859375001 0.7549550293579468 0.15382078570864333 0.7398048095056878 0.19187793396098154 0.8738908832727411 0.2452564341898383
1 0.82842085625 0.2269372562500001 0.678415670514063 0.1565830503765014 0.6572069652018381 0.20180303033476354 0.807212150937775 0.27215723620826227
1 0.7352422609375001 0.2383852765625 0.7286961155793023 0.1871906834022333 0.582636940625 0.20586696406249994 0.5891830859831979 0.25706155722276663
1 0.63953779375 0.25022805156250005 0.632449078196229 0.19884748785878853 0.5037948476828774 0.21659725896206972 0.5108835632366484 0.26797782266578124
1 0.5400302865881105 0.2264544296619863 0.40677167968749994 0.22432196250000005 0.40597668017629795 0.2740017555762836 0.5392352870769084 0.2761342227382699
1 0.4350555812499999 0.2740616421875 0.4293220270521475 0.21966452540298292 0.3130379375 0.23192107812499999 0.3187714916978523 0.28631819490951704
1 0.3229747921875 0.2853122765625 0.3171429868131552 0.2279584656873408 0.1967907305631552 0.24019602974984083 0.20262253593749996 0.29754984062500006
1 0.2181823217228065 0.2947983755254747 0.21235297077697307 0.23857298442902625 0.06778092092916659 0.25356196359105143 0.073610271875 0.30978735468749996
1 0.2316582660056136 0.17144758122910225 0.2300182203125 0.139251340625 0.14910557930688637 0.14337295314589774 0.15074562499999997 0.17556919375
0 0.1668737676719103 0.17580711776978494 0.16418565790824233 0.1439258812029351 0.06517655586133202 0.15227396812065014 0.067864665625 0.1841552046875
0 0.30355464843749996 0.1660949796875 0.3011180731280639 0.1328096406377002 0.22562036687806392 0.13833627345020022 0.2280569421875 0.17162161250000002
0 0.374685159375 0.1632329703125 0.3730370532367532 0.13328896896077574 0.29519050625 0.1375736125 0.2968386123882468 0.16751761385172423
0 0.4435213046874999 0.15770633750000002 0.44103404298446086 0.12652675620651394 0.3582255390625 0.13313256718750002 0.36071280076553913 0.16431214848098613