1 0.7937971828124999 0.742199940625 0.7872123343832647 0.6414913318870834 0.34601070157076474 0.6703393709495833 0.35259555000000004 0.7710479796874999
1 0.4051770904498581 0.7681589032136105 0.40269476875 0.6693702390625 -0.0020250451337017862 0.6795398752753078 0.0004572765661563033 0.7783285394264183
0 0.7640286578125 0.42540180781250003 0.7617191536482116 0.3933574389803781 0.6619913284903016 0.4005450303073987 0.66430083265459 0.43258939913952055
0 0.680844728125 0.4340611359375 0.6783036856959737 0.4015112542564033 0.5940001715205921 0.40809250111113693 0.5965412139496185 0.4406423827922336
0 0.5996930609375 0.4394736390625 0.5985824101782282 0.4110479198880929 0.5198348367407281 0.41412474801309296 0.5209454874999999 0.4425504671875
0 0.5285362533908211 0.4442332364079558 0.526714540625 0.4138334031250001 0.443549180984179 0.4188170948420443 0.4453708937500001 0.44921692812499997
1 1 0.5220351968750002 0.9187610567359515 0.4389347253047564 0.8458478770484514 0.5102145815547564 0.9270868203125 0.5933150531250002
1 0.9279521781250002 0.5917766390625001 0.9218366446515107 0.5016817219577016 0.7214144728626979 0.5152861353895737 0.7275300063361871 0.6053810524943722
1 0.7695916734375002 0.6004943187500001 0.7654144279329191 0.5123805417852305 0.6078816021106547 0.5198487642489333 0.6120588476152357 0.6079625412137031
1 0.6193078421875 0.6071607796875 0.616888931221092 0.5238217330763507 0.47554713122109205 0.5279241705763507 0.47796604218749994 0.6112632171875
1 0.5013685593886679 0.6120467523791497 0.49724560448978916 0.5317989075189941 0.33579266072612135 0.5400939988898442 0.33991561562500006 0.62034184375
1 0.3950167528766018 0.6187390720974735 0.3902114953125 0.53781928125 0.1984889205608982 0.5492043372775265 0.20329417812500003 0.630124128125
1 0.28768183722338075 0.6255034850341127 0.28451144687499996 0.5452529687500001 0.0728691143391192 0.5536141462158876 0.0760395046875 0.6338646625000001
1 0.46217531256523986 0.4494536621173822 0.46055423749999996 0.4208442265625 0.3682039764972601 0.4260770003826179 0.3698250515625 0.45468643593750013
1 0.2548693173866262 0.465670579034603 0.25331037031250003 0.438924896875 0.14633547167587382 0.44516022877789707 0.14789441875000003 0.4719059109375
1 0.3954611134424934 0.45138207167309996 0.3931329675952972 0.4243591279310338 0.2925712088403038 0.43302296719543376 0.2948993546875 0.46004591093749997
0 0.2012707890625 0.4424468828125 0.09148386682207031 0.441466096051511 0.091216285426503 0.4714185169411579 0.20100320766693272 0.4723993037021469