1 1.002823519825204 0.4247267056311378 0.7037197209388062 0.4177393179833194 0.6940200049484604 0.8329476972890577 0.993123803834858 0.8399350849368761
1 0.7534098431183414 0.42995881158996224 0.42768541183803876 0.4257928720344631 0.4225812468446975 0.824874812007001 0.7483056781250002 0.8290407515625
1 0.5034457500000002 0.42721732812500013 0.22349124198973808 0.36702068738551147 0.1375915968750001 0.7665113 0.41754610488526217 0.8267079407394886
1 0.31829945312500013 0.4249628828125001 0.1416519828834597 0.3324853087407841 -0.03715368586654035 0.674033725928284 0.13949378437500007 0.7665113
1 0.3624483431009902 0.2612592263274974 0.3620497765625 0.215299496875 0.07251863971150976 0.2178103346100026 0.07291720625 0.2637700640625
1 0.6210193062805324 0.25696406786464493 0.620113278125 0.2107906078125 0.33070874059446764 0.21646938213535508 0.33161476875 0.2626428421875
1 0.9491917968750002 0.2434800609375 0.9477098841456634 0.1951326537207537 0.6167291778956634 0.20527765528325373 0.618211090625 0.2536250625
1 0.999673278125 0.11120694687500002 0.9667321076092581 0.04579813409088431 0.8662407999999999 0.09640754218750006 0.8991819705157418 0.16181635497161576
1 0.9149995484374998 0.15264527656250002 0.9123165761965646 0.09551233648911821 0.7621734927409575 0.10256308032555332 0.7648564649818927 0.15969602039893513
1 0.7899393031249999 0.1577193578125 0.786349472330705 0.10126925738880463 0.6634596885626488 0.10908418644585985 0.6670495193569438 0.1655342868695552
1 0.6704922609375 0.1640619578125 0.6679060576403091 0.11101992818209694 0.5551663154528093 0.11651685005709696 0.5577525187500001 0.1695588796875
1 0.5705644640984086 0.16816983162177526 0.5679799640625001 0.11628102812500003 0.44670953277659153 0.1223213183782248 0.4492940328125 0.174210121875
1 0.4781418872935411 0.17451757301085763 0.4770788441406836 0.12129896260065136 0.34429160840964246 0.1239513911522937 0.34535465156249995 0.17717000156249998
0 0.39109028657616357 0.1737501966218702 0.39004792382904413 0.12367772145374593 0.24608124819038055 0.12667468733187576 0.2471236109375 0.1767471625
0 0.29534519104178647 0.17635140577479913 0.2949177611475672 0.12658250691393938 0.15036792010578076 0.12782394332664027 0.15079535000000002 0.17759284218750002
1 0.4668319244372817 0.057734432265703586 0.4659433625 0.0304444875 0.3820460036877184 0.03317618960929645 0.38293456562500006 0.06046613437500002
0 0.5298556526437833 0.05200497765257696 0.5275458796875 0.025370406250000012 0.4446057848562167 0.032563042659923075 0.44691555781250003 0.059197614062500015
1 0.5898129204063695 0.05098482110687954 0.5886727015624998 0.019450643749999996 0.5135618920936303 0.02216651483062044 0.5147021109375 0.05370069218749999
0 0.6566588265625001 0.04621831875 0.6545218534648692 0.015686314442452165 0.5819565534648693 0.020765250379952166 0.5840935265625001 0.051297254687499995
0 0.7300059484375 0.0370645390625 0.725332073994336 0.0057662751414800486 0.6504826562499999 0.016943789062500002 0.6551565306931639 0.048242052983519954