1 0.57411036875 0.24901888906249997 0.5689806199799461 0.15502511579788303 0.17140343454370546 0.17672305393950205 0.17653318331375928 0.27071682720411905
1 1.0101124538558657 0.20307102491297818 0.9997107269765749 0.10726870484108789 0.5279059046874999 0.1584948640625 0.5383076315667908 0.2542971841343903
1 0.38956901250000003 0.391849590625 0.22438453877637735 0.2674025286371904 0.17763720625 0.32945247499999997 0.3428216799736227 0.4538995369878096
1 0.29355866406250003 0.397788178125 0.10580461548162275 0.286186932542245 0.07340692343750004 0.34069168125 0.26116097201837735 0.452292926832755
1 0.2035358078125001 0.4014809875 0.018811930759349595 0.31615629495237324 8.881784197001253e-17 0.356883225 0.18472387705315058 0.44220791754762684
1 0.48312155 0.3855447125 0.4781893016976163 0.3069601260705527 0.29217761875 0.31863488125000006 0.2971098670523837 0.3972194676794473
1 0.59247730625 0.37625168125 0.5856516927347749 0.29583912124292977 0.4178730438048014 0.31008058070650035 0.4246986573200264 0.39049314071357055
1 0.70706039375 0.3673303687499999 0.7008191119751384 0.28681784806475447 0.5493204656249999 0.29856193125 0.5555617473998616 0.37907445193524547
1 0.8626996969198656 0.3554180445072145 0.8565620484375 0.269567671875 0.6955675292439737 0.28107755513002697 0.7017051777263394 0.3669279277622414
1 0.9933090171874998 0.3126873406250001 0.8580257015624999 0.2684525078125001 0.8288185201034872 0.35777678229511345 0.9641018357284871 0.40201161510761346
1 0.9901309421628831 0.47557358975654795 0.9889070422690253 0.4446919695076305 0.8735324829186419 0.44926449225108256 0.8747563828124998 0.48014611249999994
0 0.8933921937499999 0.4499390453125002 0.79610229375 0.4499390453125002 0.79610229375 0.4835565875000002 0.8933921937499999 0.4835565875000002
0 0.8045980328125 0.4514006781250002 0.7160779265625 0.45140067812500007 0.7160779265625 0.48355658750000013 0.8045980328125 0.4835565875000002
0 0.7215590468750002 0.48355658750000013 0.7209354499002316 0.4537408678516461 0.6338258792817653 0.4555627680221509 0.6344494762565338 0.4853784876705049
0 0.652222865625 0.48599264218749993 0.651401272376122 0.4567619048840488 0.5565427417402182 0.45942810955620217 0.5573643349890963 0.4886588468596534
0 0.39543234062500004 0.4869670640625 0.283402342140685 0.43646124614619797 0.2707368359375001 0.46455536875 0.3827668344218151 0.515061186666302
0 0.34158003768782164 0.46708664796271143 0.20596353241473347 0.46212582618238196 0.20500462441441192 0.48833998134467055 0.3406211296875 0.493300803125
0 0.27594390000000013 0.48989032812500016 0.15246919852685198 0.44867953066733823 0.14407557031248894 0.4738282975435391 0.26755027178563706 0.515039095001201
1 0.21017044687500003 0.4957368578125 0.09625603369745728 0.4515990779058088 0.08821550312500004 0.47235074062500015 0.2021299163025428 0.5164885205316914
1 0.1654993109375001 0.49476243593750013 0.03766887065031303 0.45836942885725823 0.032856179687500056 0.4752740062500001 0.1606866199746871 0.511667013330242
1 0.11890978125000007 0.4957368578125 0.004056450298915548 0.4681622114400098 0.00024350781250004339 0.48404379843750006 0.11509683876358456 0.5116184448099903