1 0.8116390000000001 1.0000000000000002 0.7992244083168596 0.5752939732900766 0.6986972171875001 0.5782324859375001 0.7111118088706407 1.0029385126474235
1 0.8052433265625002 0.6241425640625 0.7961756062500001 0.17906985156250002 0.68653764168723 0.1813035683695869 0.69560536199973 0.626376280869587
1 0.6479776522358447 0.36864736741747756 0.63836735 0.2065489203125 0.5472736008891552 0.2119495794575224 0.5568839031249999 0.37404802656249997
1 0.6400622391237127 0.2514827520525201 0.6277600375000001 0.045613089062499994 0.533409070224272 0.051251241891625665 0.5457112718479846 0.25712090488164574
1 0.6492354390625 0.5040062453124999 0.6465441812500001 0.35977243749999993 0.5579849998280826 0.36142486277036495 0.5606762576405826 0.505658670582865
1 0.6613919374999999 0.6435298046875 0.6520650481887342 0.47819392447256315 0.5638367999999999 0.4831710359375 0.5731636893112656 0.6485069161524368
1 0.6689904640625001 0.7801392937500001 0.6593025172573307 0.5861229281650336 0.57103909375 0.5905302437500001 0.5807270405551693 0.7845466093349664
1 0.6739936765625 0.9072725374999997 0.6692605106407137 0.6935924758687991 0.5797847375 0.695574428125 0.5845179034217862 0.9092544897562005
0 0.46700645445181255 0.3140338966303623 0.457345725 0.21566046718749998 0.42796568929818746 0.2185457236821377 0.43762641875 0.316919153125
0 0.47343194848004344 0.3836179192169219 0.46351912031250003 0.301152325 0.4345716562074566 0.3046319729705781 0.44448448437500004 0.3870975671875
0 0.47805283750000005 0.46061862812499993 0.47209114999999996 0.382126953125 0.4399806014396477 0.3845658494279569 0.4459422889396477 0.46305752442795695
0 0.48303045625 0.5356891375 0.476392263483986 0.45151792666787866 0.44609622812499994 0.453907234375 0.452734420891014 0.5380784452071213
1 0.48496070781250006 0.607770296875 0.4828251833812628 0.5198701243973125 0.45393031406250006 0.5205721218749999 0.4560658384937373 0.6084722943526873
0 0.4918265578125 0.685717878125 0.4840621401312727 0.5860456395068445 0.46107434184976936 0.5878363775288244 0.46883875953099674 0.6875086161469799
0 0.503970051789505 0.7771020630110614 0.4782837875000001 0.776927103125 0.47757158383090265 0.8814873659613143 0.5032578481204075 0.8816623258473756