1 0.7657453609374999 0.2556655390625001 0.7267889640669956 -0.015840343798555666 0.32463039531699567 0.04186245307644423 0.3635867921875 0.31336833593749996
1 0.7657197109375001 0.23970820625000008 0.3920558086556173 0.16215009713541217 0.31979424826109604 0.5102959834940063 0.6934581505429789 0.5878540926085943
1 0.7032101859375003 0.5636794171875001 0.33207931072651997 0.4786937703628634 0.2569941576015199 0.8065893578628636 0.6281250328125002 0.8915750046875001
1 0.226637659375 0.09222391406250004 0.17475550586116456 0.08375868838560471 0.12194860655253126 0.4074045970821566 0.17383076006636672 0.41586982275905193
1 0.17564268593750013 0.40889549375000006 0.12632412904126433 0.3996541227034762 0.06834523529126427 0.7090709133284763 0.11766379218750005 0.718312284375
1 0.12778196093750002 0.10433692031250001 0.06919981768786222 0.09713832475438847 0.049644685937500016 0.2562779125 0.10822682918713782 0.2634765080581115
1 0.11073075468750007 0.22275399687500003 0.05574912580975615 0.21435703255959906 0.034615113901308836 0.35273828032992316 0.08959674277905275 0.36113524464532415
1 0.09204152343750008 0.3400019609375 0.03728549861651876 0.3319304429581821 0.019741778304018742 0.4509445351456821 0.07449780312500005 0.45901605312500005
1 0.0762428158183269 0.45186548607519345 0.02149562454402315 0.4423534004159449 0.0007958212256963249 0.5614919502782515 0.05554301250000008 0.5710040359375
1 0.06025461367044478 0.5445367297816575 0.004991507812500073 0.5347925859375 -0.019172773045444635 0.6718383061558425 0.03609033281250007 0.6815824500000001
0 0.13327734218750004 1.8041124150158794e-17 0.06150235823542919 -0.0034930876912873505 0.0536727788116263 0.15738690936593105 0.12544776276369712 0.16087999705721842
1 0.12390860405282082 0.6852157451720411 0.07886016875000008 0.6762330359375001 0.01609183032217938 0.9910172907654589 0.06114026562500012 1