1 0.9309351531249999 0.8741704328125 0.9305993592624731 0.7821649411051973 0.47306882488747315 0.7838347973551973 0.47340461874999995 0.8758402890625
1 0.5078273987075896 0.8728488805494766 0.5064677984375 0.7890076968749998 0.11605225910491038 0.795338822575523 0.11741185937499998 0.8791800062499998
1 0.9036016718750002 0.7138641062500001 0.901346755877975 0.6240621068195644 0.723169047153902 0.6285361248621854 0.7254239631509272 0.718338124292621
1 0.7382857734375 0.7172038218750001 0.7344191688625332 0.6307489528151095 0.5850712829250333 0.6374283825026094 0.5889378875000001 0.7238832515625001
1 0.6117710131472369 0.7237882953825207 0.6081934328124999 0.6395554453125 0.44869290247776294 0.6463298327424793 0.4522704828125 0.7305626828125
1 0.5043023375620445 0.7271394324053452 0.5001745218749999 0.6479047328124999 0.32227715462545536 0.6571724847821547 0.32640497031249993 0.736407184375
1 0.4025817677302725 0.7293554254055903 0.3980218359375 0.656254021875 0.20466363383222758 0.6683153527194098 0.20922356562500002 0.74141675625
1 0.5711821831516383 0.5613772102655818 0.5691993390625 0.531364159375 0.4769469949733619 0.5374589084844181 0.47892983906250014 0.567471959375
1 0.3779859648135493 0.5796740898128789 0.37580839333725863 0.5549602532341897 0.27177766602370934 0.5641265493588109 0.2739552375 0.5888403859375
0 0.8922526953125001 0.5342500703125002 0.889797748046943 0.5008321070883295 0.7783143863873266 0.5090218872980168 0.7807693336528836 0.5424398505221875
0 0.79814791875 0.539757803125 0.7951981628662219 0.5080121376310354 0.7045060956772036 0.5164390978046587 0.7074558515609817 0.5481847632986233
0 0.7113127546874999 0.5481776218750001 0.7087642275826189 0.5166395977601366 0.626080043207619 0.5233211477601365 0.6286285703125001 0.554859171875
0 0.6377173646460863 0.553177625463317 0.6348027125441396 0.5234145413815161 0.5494026260230532 0.5317776377931992 0.5523172781250001 0.5615407218749999
0 0.5053971866267999 0.5656732838372279 0.5029682203125 0.5406245656249999 0.40478247118570004 0.5501456067877719 0.4072114375 0.5751943249999999
0 0.30090350468750005 0.6654852296875001 0.25718732960435026 0.6137896101801014 0.10056860468750006 0.7462335515625 0.14428477977064985 0.7979291710698988
0 0.18761337812500004 0.6874902921875001 0.15565894667618968 0.6415173908124656 0.003828843750000077 0.7470500953125001 0.03578327519881044 0.7930229966875346