1 0.9987102359375001 0.8312523718750005 0.9202206794112671 0.43303371142959196 0.6019276403487672 0.4957697958045918 0.6804171968750001 0.8939884562500001
1 0.6834730229216986 0.4885878978574779 0.36085014860944276 0.4850222761418759 0.35641045537524413 0.8867324704718978 0.6790333296875 0.8902980921874999
1 0.44119932500000003 0.48666557812499994 0.14757085039936374 0.42342153903093005 0.05578782968750014 0.8495503687499998 0.34941630428813636 0.9127944078440698
1 0.2516072062500001 0.4817450593750001 0.08892544963614571 0.3957271180807018 -0.1062020222388543 0.7647626868307017 0.05647973437500009 0.850780628125
1 0.3031745828125 0.26360075625 0.0017622828125000351 0.26360075625 0.0017622828125000382 0.31632091875 0.3031745828125 0.31632091875
1 0.5559641640624999 0.26292299687500004 0.2658886291942719 0.262821047934883 0.26586940506854484 0.31751949351224334 0.5559449399367729 0.3176214424523604
1 0.8652882296875 0.31344751406250004 0.8647718630353142 0.25695374225246737 0.5538994645978143 0.2597951906899673 0.5544158312499999 0.31628896249999994
1 0.41326458125 0.18478309687500002 0.2804413970645351 0.1820494675640626 0.279362750661001 0.2344593716261672 0.41218593484646593 0.23719300093710466
1 0.4054361394400294 0.11965026370185532 0.40498413749999995 0.09007624843749999 0.3178170806152806 0.09140848819143152 0.31826908255531 0.12098250345578684
1 0.5032941875 0.18384489218750005 0.38411182187500004 0.18384489218750005 0.38411182187500004 0.23562961875000007 0.5032941875 0.23562961875000007
1 0.5233890426809565 0.11834502496208074 0.523115171875 0.0866573578125 0.4499677463815435 0.08728955785041928 0.4502416171875 0.118977225
1 0.6029119578125 0.2343532578125 0.6022083244469474 0.18101892665482117 0.49164157288444754 0.18247762040482116 0.4923452062500001 0.23581195156249998
1 0.7160172656249999 0.23052409687500003 0.7141015658889436 0.17625297167042028 0.5960093717726938 0.18042147166458905 0.5979250715087502 0.2346925968691688
1 0.835071409375 0.22938444843750005 0.8345581025266485 0.17317904598192482 0.6887899228231218 0.17451030243850293 0.6893032296714734 0.23071570489407817
1 0.9566128078125 0.22737870156249995 0.9557379179033723 0.16911084663769818 0.7846743498996751 0.17167936043761375 0.7855492398088029 0.22994721536241552
0 0.7313766046875001 0.1103616453125 0.7298614577301599 0.08002074817864983 0.642605228125 0.0843781015625 0.6441203750823401 0.11471899869635019
0 0.6583492125 0.11364376875000004 0.6564989492082567 0.08100134055504818 0.5824499375000001 0.08519864375000001 0.5843002007917433 0.11784107194495186
0 0.5870654375 0.116515628125 0.5862159157457278 0.08469059049490821 0.5179065751207278 0.0865140061199082 0.518756096875 0.11833904375
0 0.46542970236567127 0.11824602059193987 0.4647804328124999 0.08829843593749999 0.38269329607182856 0.09007810128306011 0.38334256562499996 0.12002568593749999
0 0.324115233049854 0.23345726270176814 0.3239661182649454 0.17719777606381631 0.17508732278388145 0.17759237670616618 0.17523643756879007 0.23385186334411806