1 0.9090984562500001 0.13724773906250015 0.5599984585793283 0.11656894852677517 0.5372877411841477 0.49997199988317875 0.8863877388548195 0.5206507904189037
1 0.5882401781249998 0.11823391562500003 0.265376534375 0.10753863906250002 0.2525816781298801 0.4937833410500154 0.57544532187988 0.5044786176125153
1 0.34425419531250007 0.4937569375 0.2633711703125 0.11110373125000002 -0.010135830567850307 0.16891606165401424 0.07074719443214969 0.5515692679040142
1 0.45781575151375653 0.6641841407736562 0.15406238125000007 0.6589428890625 0.15325364055696647 0.7058129355163884 0.4570070108207229 0.7110541872275444
1 0.7522610250000001 0.6741647734375001 0.4562543468750002 0.6660018875 0.4550106559251429 0.7111012346549288 0.7510173340501428 0.7192641205924288
1 0.8304760343750003 0.7615910125 0.6772073510702594 0.7555493785359564 0.6750659242500735 0.8098746936869082 0.8283346075548141 0.815916327650952
1 0.7188030968750001 0.7585567171875 0.5879250178170696 0.751759551221877 0.5851856968750001 0.80450463125 0.7160637759329306 0.8113017972156229
1 0.6105925093750002 0.7533550656250002 0.4957623258656647 0.7515167724206809 0.49492338282079773 0.8039218966792067 0.6097535663301332 0.8057601898835258
1 0.5033628562500001 0.7520046375 0.39340608906250013 0.7490870437499999 0.3920968909538393 0.798427426260873 0.5020536581413393 0.801345020010873
1 0.9387475921875001 0.7655351328125002 0.7730396086378297 0.7594735691378172 0.7710867974712783 0.8128585400841863 0.9367947810209486 0.8189201037588694
1 0.9995841203125 0.7919815062500002 0.9748956117334835 0.7460309288210171 0.8562882626247053 0.80975675599984 0.880976771203722 0.855707333428823
1 0.40426167355613096 0.7494149656507815 0.2820580812500001 0.7477773953125 0.28135778307925385 0.8000371060253944 0.40356137538538467 0.8016746763636758
1 0.3108275805355022 0.7476022137862643 0.16930280468750009 0.7469071859375 0.16904549626675297 0.7993015132076696 0.3105702721147551 0.7999965410564339
1 0.2966355671875001 0.863876603125 0.2079284875000001 0.863876603125 0.2079284875000001 0.8884544390625001 0.2966355671875001 0.8884544390625001
0 0.3611291110396837 0.863571710702629 0.2775882003509411 0.8632570543504589 0.2774841939987575 0.8908706248978298 0.3610251046875001 0.89118528125
1 0.4215222701277188 0.8627722157401341 0.3477045616070093 0.8619398822085735 0.3473782477292906 0.8908798945934395 0.42119595625000017 0.8917122281250001
0 0.4864057453125 0.8653648390624997 0.4180243890625001 0.8632570484374998 0.4171268716241146 0.8923744849451369 0.4855082278741145 0.8944822755701368
0 0.5550242265625001 0.866682209375 0.48177033454985974 0.8655522387881863 0.48136680625000017 0.8917122281250002 0.5546206982626405 0.8928421987118138
0 0.6237025546875001 0.8700884593750002 0.5427109969257634 0.8655511163445053 0.5412249151183395 0.8920776715852516 0.6222164728800762 0.8966150146157466
0 0.6865258046875 0.8747508625 0.6041025790280627 0.8663777105342211 0.6015296421875 0.8917050609375001 0.6839528678469372 0.900078212903279