1 0.7273455671875001 0.4987453593750001 0.36668583393334425 0.41703475942897733 0.2963684370583442 0.7274064078664775 0.6570281703125 0.8091170078125002
1 0.8053539281250002 0.1582141406250001 0.42046478663080167 0.08720209308151079 0.3556191750969006 0.43866881762095494 0.7405083165910991 0.5096808651644443
1 0.24830830625000008 0.016068623437500037 0.20001697801478335 0.009879716189149321 0.15673334265221117 0.34761692223056045 0.20502467088742793 0.35380582947891115
1 0.20545864218750004 0.349801578125 0.1610215460242713 0.3435863136004958 0.11927059133677131 0.6420919011004957 0.16370768750000003 0.648307165625
1 0.15394444062499998 0.03107943906250002 0.09912851159452904 0.02467038149105249 0.08014984896901028 0.18699269050078748 0.13496577799948123 0.193401748072235
1 0.13755926406250008 0.15732626562500002 0.08479362338010313 0.15210578176383513 0.07125646093750004 0.28893161406250006 0.12402210161989702 0.2941520979236649
1 0.12460354531250004 0.279286271875 0.07253721759196727 0.2733309724419773 0.059200445716967275 0.3899324536919773 0.11126677343750005 0.395887753125
1 0.11154042235087096 0.3931501590622344 0.05868179218750005 0.3868854328125 0.04507137296162914 0.5017233503127656 0.09793000312500005 0.5079880765624999
1 0.10084963874283695 0.4867492610385856 0.04877012434762431 0.48012319783132196 0.03213266685478742 0.6108902430427363 0.08421218125000005 0.61751630625
1 0.08910244455046165 0.5800524111276821 0.03772400937500007 0.5722903640625001 0.01606752107453848 0.715638693559818 0.06744595625000008 0.723400740625
1 0.07772631978529707 0.6721150723372282 0.024006187500000074 0.6633424046875 -0.0011351494727969147 0.8172973932877718 0.05258498281250008 0.8260700609375
1 0.05971696898812652 0.751515513614452 0.010576074987590667 0.7467599427613477 -0.006844278375535739 0.9267702432093958 0.04229661562500011 0.9315258140625
1 0.16654917154988655 0.6225746281768257 0.1193065530080077 0.616178276619006 0.0777274955206213 0.9232757734421799 0.12497011406250016 0.9296721249999997