1 0.8297649521367951 0.34926537689794973 0.39129608333976795 0.32741229999366495 0.38541650464047283 0.44538251684571534 0.8238853734375 0.4672355937500002
1 0.4395591859375001 0.3313024921875 0.047133601779939895 0.31324797669766014 0.04232242954150931 0.4178216539703207 0.43474801369906946 0.4358761694601606
1 0.8759358660008315 0.20178122529985704 0.6931592015625001 0.20093113750000008 0.6926792183741687 0.3041319200126431 0.8754558828125001 0.30498200781250007
0 0.7111456821260487 0.20291878929661725 0.555751953755313 0.2021660941016719 0.5552806122542644 0.2994744251175547 0.710674340625 0.30022712031250004
0 0.5825478562499999 0.20347397187500005 0.4227248748411026 0.19633284329247278 0.4185669890625 0.2893889609375 0.5783899704713973 0.2965300895200273
0 0.5492370328125001 0.07515050625000007 0.44828142555590994 0.07453383024641631 0.4480391275091661 0.11420027794984008 0.5489947347657562 0.11481695395342384
1 0.4768509687499999 0.2004993484375 0.3072304043023453 0.17901784322138686 0.29413726093750003 0.2824028875000001 0.46375782538515464 0.30388439271611317
1 0.615414139142731 0.1119302362382643 0.61476141875 0.0747160609375 0.522942410857269 0.07632652626173571 0.52359513125 0.11354070156250003
1 0.6912611718749998 0.10947214531250002 0.6902126593675577 0.07066921941763674 0.6015576124925578 0.07306481004263672 0.6026061249999999 0.11186773593749999
1 0.7769084578125 0.10577200156250002 0.775541944108333 0.06711752286657105 0.6803467703125001 0.0704828640625 0.6817132840166671 0.10913734275842897
1 0.8673189468749998 0.10480451250000003 0.8664823859320917 0.06358105952025672 0.7511734259623181 0.0659210617594064 0.7520099869052264 0.1071445147391497
1 0.9613316918636963 0.06346408073214378 0.8259041296874999 0.0627683375000001 0.8256889903666005 0.10464555945711854 0.9611165525427969 0.10534130268926223
1 1.0000000000000002 0.25979508125000006 0.9620451335112039 0.15340951493175528 0.8188426140624999 0.20449945781249998 0.8567974805512962 0.31088502413074476
1 0.43816158281249995 0.8359164828125 0.04839690018482943 0.7721928060665324 0.011152089062500137 1 0.40091677169017076 1.0637236767459677
1 0.7922670156250001 0.8430555578125001 0.3829627625000001 0.8430555578125001 0.3829627625000001 1 0.7922670156250001 1