1 0.8748612734375001 0.3613950781250001 0.5021249938313426 0.3563126441336239 0.4978993438313427 0.6662139753836239 0.8706356234375002 0.6712964093750001
0 0.9125197860066718 0.668110500636274 0.501280453125 0.5947147531250001 0.4489943108683284 0.8876761165512261 0.8602336437500002 0.9610718640625002
1 0.9223605002601494 0.3683874262095623 0.8849288484374999 0.07062603906250002 0.4865752700523506 0.12070315816543786 0.5240069218750001 0.4184645453125001
1 0.3435442046875 0.07814524531250004 0.296758028125 0.07814524531250004 0.2967580281250001 0.3790639015625 0.3435442046875001 0.3790639015625
1 0.3462177000000001 0.6413338359375 0.34488095156250004 0.3638751046875 0.2981683117608488 0.3641001581503521 0.29950506019834877 0.6415588894003521
0 0.2630774482592452 0.19584121173159721 0.25923878125 0.028859174999999997 0.19878179976449212 0.030248990484643974 0.20262046677373724 0.19723102721624117
1 0.26362806775071695 0.2828845323117859 0.26056751874999995 0.13454359843750002 0.20714518068678295 0.1356458005007141 0.21020572968749995 0.283986734375
1 0.26116686250000004 0.24291586093750003 0.21028055328994305 0.2423741567840282 0.20890431747217414 0.37165424614666026 0.25979062668223113 0.3721959503001321
1 0.2636075380787452 0.45666030259758994 0.25929335624999994 0.34745754531249995 0.21156427869180233 0.3493431379863807 0.21587846052054763 0.4585458952714708
1 0.26416447343750005 0.45031307500000006 0.21470389062500012 0.45031307500000006 0.21470389062500012 0.552325525 0.26416447343750005 0.552325525
1 0.26350655921484206 0.5442165157368933 0.21507859218750003 0.543683975 0.21386300016015802 0.6542269748881067 0.26229096718750006 0.654759515625
0 0.2635442217761722 0.6316330924832285 0.2134989065386434 0.6296599802188723 0.20849863788747128 0.7564850096106437 0.2585439531250001 0.7584581218750001
0 0.26007160790156875 0.7148488027663714 0.2090759779152677 0.7136968468894443 0.205778446576199 0.8596743894355731 0.25677407656250006 0.8608263453125
1 0.25710175510122746 0.7976852309606156 0.20766428125000008 0.7974220906250001 0.20680583707935124 0.9587022346969057 0.2562433109305786 0.9589653750325212
0 0.14879857737279628 0.2976653864380968 0.1471073921875 0.20126424375 0.1234337273147037 0.2016795557494031 0.1251249125 0.29808069843749996
1 0.14992729072557015 0.3543019283863057 0.14873252656250002 0.268614821875 0.12415214364942988 0.2689575544261943 0.1253469078125 0.35464466093749997
1 0.15330021694150658 0.4134494829878184 0.15063785468749996 0.3343773109375 0.12353572368349339 0.3352898404496815 0.12619808593749998 0.41436201249999993
1 0.15377550100802742 0.47042651184083056 0.15330401093749998 0.3996148328125 0.12610442822901702 0.3997959375871009 0.12657591829954445 0.47060761661543155
1 0.15374837187499998 0.5313396390625 0.15330401093749998 0.46610211718750005 0.12794264788470772 0.4662748643847956 0.12838700882220772 0.5315123862597956
1 0.15288937695287957 0.5283910324574388 0.12918383913560033 0.5280705520699531 0.12826539499522083 0.5960067289875144 0.15197093281250007 0.596327209375
1 0.1528596515625001 0.5848294078125 0.12975296093750008 0.5848294078125 0.12975296093750008 0.660814875 0.1528596515625001 0.660814875
1 0.15255008370210485 0.6425055598552981 0.1288642421875001 0.6423184125 0.12819614175505817 0.7268748890446528 0.1518819832696629 0.7270620363999509
1 0.3428639994039798 0.6243786710587009 0.3001069669575752 0.624235521408155 0.29912682536609553 0.9169917081619541 0.3418838578125001 0.9171348578125