1 0.9527557625000002 0.5450103718750003 0.8551181392370812 0.5320492601066794 0.8087071031250004 0.8816692109375002 0.9063447263879192 0.8946303227058209
1 0.8647617796875002 0.5462826203125002 0.7693702739225221 0.5322873546794502 0.7184046332332426 0.8796683430149821 0.8137961389982206 0.8936636086480322
1 0.7757962359375002 0.5446352796875 0.6815301377296082 0.5310356363874302 0.6312466936133072 0.8795759603291554 0.7255127918211992 0.8931756036292253
1 0.6876544718750001 0.5446352796875 0.5953797904887231 0.531419306323208 0.5460942220835892 0.87553396183643 0.6383689034698661 0.888749935200722
1 0.6019839359375002 0.5421642421875001 0.5082967399152134 0.52894467914131 0.4597534507252031 0.8729715304086667 0.5534406467474899 0.8861910934548568
1 0.5163134000000003 0.5421642421875 0.4207913267455926 0.5286187315498955 0.3713324984375001 0.8773992203124997 0.4668545716919077 0.8909447309501044
1 0.42734785468750014 0.5405169015625001 0.3301141283748103 0.52669308847405 0.2803779072780629 0.8765269641931284 0.37761163359075267 0.8903507772815782
1 0.334263521875 0.5428135062500001 0.24240577652927603 0.5297540016476705 0.19234099272819086 0.8818989184133859 0.2841987380739149 0.8949584230157154
0 0.2518880500000001 0.53787145625 0.15967550760754132 0.5240710497020701 0.10699954050597685 0.8760450899266603 0.19921208289843562 0.8898454964745902
1 0.22964663593750015 0.09914439843750006 0.13053606257348466 0.08466333143241847 0.08079271909712397 0.425114162248631 0.17990329246113945 0.4395952292537125
0 0.3128459734375001 0.09832074218750006 0.22515171049091015 0.08541679300891968 0.17515660080148282 0.42517977831467746 0.26285086374807276 0.43808372749325786
0 0.399655515625 0.10022289062500005 0.31157086858141464 0.08703570269506748 0.26034186571209383 0.42922303331590506 0.34842651275567915 0.44241022124583756
0 0.4867968984375001 0.10578510468750006 0.3963933255218326 0.09282815328283882 0.34826739062499995 0.42861365781250005 0.4386709635406675 0.4415706092171613
0 0.5693031015625002 0.10578510468750009 0.4869846860312652 0.09341811605378765 0.4367313488223483 0.4279195227194362 0.5190497643535833 0.44028651135314856
0 0.9224246953125 0.1131468437500001 0.8362856490053835 0.10105979998231414 0.7897464077503042 0.43272450928755857 0.8758854540574209 0.4448115530552445
1 0.8367541593750001 0.10820481093750012 0.7507290799508342 0.09588339129059102 0.7024820625 0.4327320359375001 0.788507141924166 0.4450534555844092
1 0.7519074031249999 0.10573378750000009 0.658102431277691 0.0925005222104747 0.6102214546875001 0.4319083375 0.7040264265348092 0.4451416027895254
1 0.6588230140625001 0.10491011718750012 0.5696128523709698 0.09241945472342655 0.5220796906250003 0.4319083375000001 0.6112898523165305 0.44439899996407367