0 0.3375722134036414 0.8543121235633434 0.32857671406249994 0.5529325453124999 0.06922024284635853 0.5606737498741565 0.0782157421875 0.8620533281249999
0 0.569665115625 0.8002291500000002 0.5338780034545432 0.5266604137304041 0.2896987175170432 0.5586029215429041 0.32548582968749995 0.8321716578125002
0 0.792208203125 0.77446911875 0.7606457736516751 0.5062170678767397 0.48621145937499993 0.5385068999999999 0.5177738888483249 0.8067589508732602
0 0.9776608312500003 0.7116145421875 0.806383207573632 0.43432251403447575 0.6341070152437018 0.5407340002745341 0.8053846389200701 0.8180260284275583
1 0.5913012312500001 0.5410228359375 0.21810822625111967 0.33468265459068025 0.16099899008221474 0.43797212210957104 0.5341919950810952 0.6443123034563908
1 0.9326607694493904 0.29454564660185717 0.92820683125 0.20865789687500005 0.7166641493006096 0.2196280065231429 0.7211180875000001 0.30551575625000005
0 0.7767538593750001 0.5235059937500002 0.36795927790134303 0.3197867935710043 0.3224316848838276 0.4111450617987682 0.7312262663574847 0.614864261977764
0 0.7265934267821439 0.28725416791374786 0.7161418059096274 0.2121100642186457 0.4551539900649836 0.24841026036739774 0.4656056109375001 0.32355436406249993
0 0.8145740699808167 0.3069131497960011 0.8123619265625001 0.2228608375 0.6108878025939555 0.22816336452303512 0.6130999460122721 0.3122156768190362
1 0.10618142187783722 0.24250047548822443 0.104491025 0.20869638593750003 0.03239021093466279 0.2123018370117756 0.034080607812500004 0.2461059265625
1 0.1252899472738616 0.21031567615255042 0.12240950698386825 0.17921026311440919 0.03890129877250665 0.18694333539935876 0.0417817390625 0.2180487484375
1 0.08383494577834846 0.27591198129208244 0.08248484450006618 0.2377713389405697 0.027802153409217732 0.23970699514848723 0.0291522546875 0.27784763749999997