1 0.6308581843479173 0.892368049976478 0.1838933321192706 0.8662663513976929 0.17879831093750015 0.9535133703125002 0.6257631631661469 0.9796150688912852
1 1.0043642031952564 0.9178737144398138 0.5936488046875 0.8906796468750002 0.5882371692650771 0.97241225248105 0.9989525677728335 0.9996063200458636
1 0.9099779781250001 0.8541757046875004 0.7386566087732795 0.7176873110303355 0.6930017923241586 0.7749936171709988 0.8643231616758792 0.9114820108281638
1 0.7898627332248122 0.7718258681491025 0.5958631296875001 0.7519179109375 0.5880826828789585 0.8277370208620743 0.7820822864162706 0.8476449780736767
1 0.6522089453748228 0.7557546263549073 0.48531352031250014 0.7420342578125001 0.47892977343021015 0.819686556008212 0.6458251984925327 0.833406924550619
1 0.5129552600076509 0.7458568185727896 0.3666671751274636 0.7326080879783643 0.3595820500000001 0.8108396875000002 0.5058701348801874 0.8240884180944257
1 0.37475619375000013 0.7325796109374999 0.21453045000390597 0.7179871012319504 0.20678385156250007 0.8030447453124998 0.3670095953085942 0.8176372550180494
0 0.32578546406250014 0.6162531875 0.22218788667053824 0.6049352644630772 0.21871367968750013 0.6367361015624999 0.32231125707946207 0.6480540245994227
0 0.39074367031250007 0.6254351828125 0.3081711176819787 0.6153265008408317 0.30472867500000006 0.6434460203125001 0.38730122763052144 0.6535547022841685
0 0.46492623051725523 0.6277026408022455 0.385330694646277 0.626023076840878 0.3846482469415219 0.6583646797886327 0.46424378281250006 0.66004424375
0 0.5441847675569961 0.6401862725188874 0.45907890937499995 0.6296730265625 0.45550111757833134 0.6586356364467477 0.5406069757603275 0.6691488824031351
1 0.616708289652016 0.6491476913481766 0.5244344140625 0.6385018687499999 0.5215094876153339 0.6638540006876971 0.6137833632048499 0.6744998232858738
0 0.6932196398062651 0.6583673877208338 0.5905845140625001 0.6452117890625002 0.5871972049505569 0.6716383246893719 0.6898323306943219 0.6847939233477056
0 0.7640552016960859 0.6654295829970656 0.6538593234375 0.6525190187500001 0.6508943782783259 0.6778257930746003 0.7610902565369118 0.6907363573216658
1 0.25622011562500013 0.7243407734375 0.052463905295884204 0.7057647078897682 0.04478080312500009 0.7900387312500001 0.248537013454116 0.808614796797732
0 0.8831868517061384 0.6734631179249416 0.7843261546875 0.6695450718750001 0.7832234702407799 0.6973681631824612 0.8820841672594183 0.7012862092324028