1 0.9499080125000001 0.7330340375000001 0.9462848137207989 0.6450273575875992 0.5294435921874999 0.6621885390625 0.5330667909667013 0.7501952189749008
1 0.5626510468749999 0.7431548234375 0.5567504306784583 0.6353818019206517 0.10782130255345838 0.6599608519206518 0.11372191875 0.7677338734375
1 1 0.5667590078125001 0.8428026975661114 0.47549601585483253 0.8129182327716787 0.5269709582120189 0.9701155352055674 0.6182339501696865
1 0.9439145546874999 0.6009231671874999 0.7433627896166051 0.47468998463183115 0.7066734229120246 0.532979866127071 0.9072251879829196 0.6592130486827399
1 0.8148027861990592 0.5234424036016903 0.614611709375 0.5222235859375001 0.6141313234421003 0.6011270839945362 0.8143224002661595 0.6023459016587264
1 0.6843721234958471 0.5241468669318403 0.5030825046875 0.5191732140624999 0.500822449775884 0.6015522027407222 0.682112068584231 0.6065258556100626
1 0.5449488515625001 0.602143315625 0.54315456294098 0.5195836232716323 0.39361229999999997 0.522833659375 0.3954065886215201 0.6053933517283676
1 0.4056231375 0.6064138359375001 0.4042418706417642 0.5195882559251974 0.2508463190792642 0.5220285528001976 0.2522275859375 0.6088541328125001
1 0.28022941901645637 0.6040559246902092 0.27642667819186484 0.5184942472090778 0.08610695605040848 0.5269529006438686 0.089909696875 0.612514578125
1 0.15167971875000005 0.522833659375 0.057095939421461385 0.45898960795233973 -0.0026150808910386123 0.5474503782648397 0.09196869843750007 0.6112944296875
1 0.23403974687500004 0.4032591 0.1324168056427689 0.39988222174401994 0.1313032396486904 0.43339360207703886 0.23292618088092154 0.43677048033301896
0 0.38818633911989936 0.40938884756351246 0.3046591082902196 0.40344913204430466 0.30232993593750007 0.4362031109375001 0.38585716676717985 0.4421428264567079
0 0.3092738802517643 0.43597932327933775 0.30912859923671643 0.4019836128442285 0.2162566502349521 0.4023805020648907 0.21640193124999993 0.4363762124999999
0 0.46373637520822086 0.4111041515531058 0.3801923171875001 0.41026975468750004 0.37991037791677934 0.4384989484468943 0.4634544359375001 0.43933334531250007
0 0.5402532843750001 0.41026975468750004 0.44786655 0.41026975468750004 0.44786655 0.4400092421875 0.5402532843750001 0.4400092421875
0 0.8417457921875002 0.4481200125000001 0.7179868046700648 0.39280170800413317 0.7052022579619244 0.4214034985125001 0.8289612454793595 0.47672180300836703
0 0.9075190625000001 0.4481200125000001 0.7874300809449205 0.3956416475224978 0.7757129258518379 0.4224546250696153 0.8958019074069175 0.47493299004711764
0 0.9770942562500002 0.4501477046875001 0.8463852717350211 0.3974448845323159 0.8367137870269357 0.4214312659294343 0.9674227715419148 0.4741340860846185