1 0.9285528421875002 0.79906225625 0.9084972401849901 0.4004083273944629 0.5542653195369723 0.4182291336197938 0.5743209215394824 0.8168830624753308
1 0.5945633546875 0.8145375093750001 0.5809549473559501 0.4154884779825516 0.25092274266845005 0.4267432670450516 0.26453115 0.8257922984375001
1 0.35713009687500025 0.42765562187500006 0.08583542474163083 0.36356545448151734 -0.0075549549458692414 0.7588883794815173 0.2637397171875001 0.822978546875
1 0.47902353657952695 0.24923829328033792 0.4772963 0.1915039234375 0.17259459623297307 0.20061967078216214 0.1743218328125 0.25835404062500006
1 0.33290200161964334 0.1689477519144855 0.3314500169868277 0.11319869755165053 0.1863917091171844 0.11697674251216503 0.18784369375 0.172725796875
1 0.4264775623366156 0.16655387439179964 0.4257441406250001 0.111884646875 0.3016236423508844 0.11354980060820034 0.3023570640625 0.168219028125
1 0.5263131140625 0.16296114687500002 0.5241451603809677 0.1086882405840575 0.41132201506846783 0.11319500777155747 0.4134899687500001 0.1674679140625
1 0.6378685406250001 0.15394766875000004 0.6335079791126511 0.10038797049668098 0.5199747375 0.10963127656250002 0.524335299012349 0.1631909748158191
1 0.7792667828125001 0.23111668281249997 0.7754524292270187 0.17169371573455716 0.47121029016451865 0.19122298448455718 0.47502464375 0.2506459515625
1 0.7561390301525742 0.11164835395838671 0.6144689578125 0.10342541562500007 0.611551705246411 0.15368571982721918 0.7532217775864852 0.16190865816060585
1 0.8701168656249999 0.14323503906250004 0.866518771454925 0.08655826548544963 0.7175188935869765 0.09601744175930212 0.7211169877570515 0.1526942153363525
1 0.9875881484374999 0.13797718750000004 0.9850765299967748 0.0812568735373534 0.8067330859374998 0.08915405625000003 0.8092447043782249 0.14587437021264665
1 0.4463387773735207 0.045037185166719576 0.4451617824826967 0.013144074790001955 0.3708093551091761 0.015888003685782384 0.37198634999999997 0.047781114062500005
1 0.3276980820873181 0.049114965148139345 0.32679076875 0.020020737500000007 0.23047280541268195 0.023024445789360658 0.23138011875000003 0.0521186734375
0 0.3875893836572277 0.04601684260204766 0.38594303593749996 0.016379085937499992 0.29952263509277227 0.02117965271045234 0.30116898281250004 0.05081740937500001